<?xml version="1.0" encoding="utf-8"?>
<COLLADA xmlns="http://www.collada.org/2005/11/COLLADASchema" version="1.4.1">
  <asset>
    <contributor>
      <author>Mixamo</author>
      <authoring_tool>COLLADA Mixamo exporter</authoring_tool>
      <comments/>
    </contributor>
    <created>2024-05-14T09:22:36Z</created>
    <modified>2024-05-14T09:22:36Z</modified>
    <revision/>
    <title/>
    <unit meter="0.010000"/>
    <up_axis>Y_UP</up_axis>
  </asset>
  <library_animations>
    <animation id="mixamorig_Hips-anim" name="mixamorig_Hips">
      <source id="mixamorig_Hips-Matrix-animation-input">
        <float_array id="mixamorig_Hips-Matrix-animation-input-array" count="19">

0.000000 0.033333 0.066667 0.100000 0.133333 0.166667 0.200000 0.233333 0.266667 0.300000 0.333333 0.366667 0.400000 0.433333 0.466667 0.500000
0.533333 0.566667 0.600000</float_array>
        <technique_common>
          <accessor source="#mixamorig_Hips-Matrix-animation-input-array" count="19">
            <param name="TIME" type="float"/>
          </accessor>
        </technique_common>
      </source>
      <source id="mixamorig_Hips-Matrix-animation-output-transform">
        <float_array id="mixamorig_Hips-Matrix-animation-output-transform-array" count="304">

0.991297 0.082274 -0.102771 0.475354 -0.095748 0.986355 -0.133924 87.448212 0.090350 0.142598 0.985648 1.191405 0.000000 0.000000 0.000000 1.000000
0.995166 0.045257 -0.087153 0.122117 -0.057623 0.987743 -0.145064 89.174667 0.079519 0.149385 0.985576 3.292473 0.000000 0.000000 0.000000 1.000000
0.997098 0.016656 -0.074289 -0.281372 -0.029185 0.984855 -0.170906 91.589951 0.070317 0.172578 0.982483 2.592816 0.000000 0.000000 0.000000 1.000000
0.998235 0.005627 -0.059125 -0.631149 -0.015869 0.984577 -0.174231 93.017204 0.057233 0.174861 0.982928 1.089324 0.000000 0.000000 0.000000 1.000000
0.999679 0.001235 -0.025319 -0.788614 -0.004944 0.989131 -0.146951 92.549667 0.024862 0.147029 0.988820 -0.143187 0.000000 0.000000 0.000000 1.000000
0.998677 -0.023685 0.045647 -0.644097 0.028830 0.992880 -0.115578 90.551460 -0.042585 0.116741 0.992249 -1.523198 0.000000 0.000000 0.000000 1.000000
0.991751 -0.064126 0.110988 -0.354469 0.077342 0.989855 -0.119190 88.535881 -0.102219 0.126790 0.986649 -2.390721 0.000000 0.000000 0.000000 1.000000
0.981810 -0.120766 0.146506 -0.094155 0.142154 0.979080 -0.145586 86.170151 -0.125860 0.163764 0.978438 -3.904595 0.000000 0.000000 0.000000 1.000000
0.978701 -0.130124 0.158783 0.033173 0.157838 0.971527 -0.176698 85.330063 -0.131269 0.197997 0.971373 -3.579972 0.000000 0.000000 0.000000 1.000000
0.983838 -0.086980 0.156518 0.181001 0.117730 0.972817 -0.199415 86.279999 -0.134919 0.214619 0.967334 -0.650420 0.000000 0.000000 0.000000 1.000000
0.986687 -0.044865 0.156317 0.648621 0.077342 0.974990 -0.208358 87.664551 -0.143060 0.217674 0.965480 3.155209 0.000000 0.000000 0.000000 1.000000
0.987604 -0.021946 0.155426 1.029597 0.055320 0.975310 -0.213799 90.422646 -0.146896 0.219747 0.964434 3.775510 0.000000 0.000000 0.000000 1.000000
0.988288 -0.009024 0.152330 1.098707 0.041343 0.976749 -0.210362 92.599472 -0.146890 0.214196 0.965683 2.673829 0.000000 0.000000 0.000000 1.000000
0.988996 -0.004815 0.147866 1.043229 0.033560 0.980717 -0.192530 93.615089 -0.144087 0.195374 0.970086 1.278668 0.000000 0.000000 0.000000 1.000000
0.991545 -0.007588 0.129542 1.011219 0.029567 0.985242 -0.168596 93.272774 -0.126351 0.171000 0.977136 0.176242 0.000000 0.000000 0.000000 1.000000
0.997102 -0.011488 0.075202 1.013483 0.023315 0.987109 -0.158344 91.723213 -0.072414 0.159638 0.984516 -0.795240 0.000000 0.000000 0.000000 1.000000
0.999820 0.008374 -0.017008 0.760457 -0.011082 0.986069 -0.165967 90.030640 0.015382 0.166126 0.985985 -0.206705 0.000000 0.000000 0.000000 1.000000
0.995302 0.051899 -0.081740 0.717803 -0.064230 0.985621 -0.156291 88.451591 0.072453 0.160806 0.984323 -1.167016 0.000000 0.000000 0.000000 1.000000
0.991219 0.079969 -0.105304 0.636257 -0.094544 0.985398 -0.141608 87.595688 0.092442 0.150321 0.984306 -0.712736 0.000000 0.000000 0.000000 1.000000</float_array>
        <technique_common>
          <accessor source="#mixamorig_Hips-Matrix-animation-output-transform-array" count="19" stride="16">
            <param type="float4x4"/>
          </accessor>
        </technique_common>
      </source>
      <source id="mixamorig_Hips-Interpolations">
        <Name_array id="mixamorig_Hips-Interpolations-array" count="19">
 LINEAR LINEAR LINEAR LINEAR LINEAR LINEAR LINEAR LINEAR LINEAR LINEAR LINEAR
LINEAR LINEAR LINEAR LINEAR LINEAR LINEAR LINEAR LINEAR</Name_array>
        <technique_common>
          <accessor source="#mixamorig_Hips-Interpolations-array" count="19">
            <param type="name"/>
          </accessor>
        </technique_common>
      </source>
      <sampler id="mixamorig_Hips-Matrix-animation-transform">
        <input semantic="INPUT" source="#mixamorig_Hips-Matrix-animation-input"/>
        <input semantic="OUTPUT" source="#mixamorig_Hips-Matrix-animation-output-transform"/>
        <input semantic="INTERPOLATION" source="#mixamorig_Hips-Interpolations"/>
      </sampler>
      <channel source="#mixamorig_Hips-Matrix-animation-transform" target="mixamorig_Hips/matrix"/>
    </animation>
    <animation id="mixamorig_Spine-anim" name="mixamorig_Spine">
      <source id="mixamorig_Spine-Matrix-animation-input">
        <float_array id="mixamorig_Spine-Matrix-animation-input-array" count="19">

0.000000 0.033333 0.066667 0.100000 0.133333 0.166667 0.200000 0.233333 0.266667 0.300000 0.333333 0.366667 0.400000 0.433333 0.466667 0.500000
0.533333 0.566667 0.600000</float_array>
        <technique_common>
          <accessor source="#mixamorig_Spine-Matrix-animation-input-array" count="19">
            <param name="TIME" type="float"/>
          </accessor>
        </technique_common>
      </source>
      <source id="mixamorig_Spine-Matrix-animation-output-transform">
        <float_array id="mixamorig_Spine-Matrix-animation-output-transform-array" count="304">

0.966628 -0.066682 0.247352 0.012400 0.099394 0.987515 -0.122208 10.445200 -0.236115 0.142715 0.961188 -0.996300 0.000000 0.000000 0.000000 1.000000
0.961173 -0.029886 0.274324 0.012400 0.044386 0.997918 -0.046800 10.445200 -0.272354 0.057159 0.960498 -0.996300 0.000000 0.000000 0.000000 1.000000
0.955647 -0.017352 0.294004 0.012400 0.010591 0.999642 0.024575 10.445200 -0.294325 -0.020371 0.955488 -0.996300 0.000000 0.000000 0.000000 1.000000
0.956656 -0.013179 0.290922 0.012400 0.001732 0.999215 0.039571 10.445200 -0.291215 -0.037352 0.955928 -0.996300 0.000000 0.000000 0.000000 1.000000
0.968432 0.010475 0.249058 0.012400 -0.006996 0.999865 -0.014853 10.445200 -0.249180 0.012642 0.968375 -0.996300 0.000000 0.000000 0.000000 1.000000
0.985886 0.072502 0.150904 0.012400 -0.058375 0.993665 -0.096031 10.445200 -0.156910 0.085866 0.983873 -0.996300 0.000000 0.000000 0.000000 1.000000
0.990353 0.134755 0.032292 0.012400 -0.128521 0.980368 -0.149533 10.445200 -0.051809 0.143940 0.988229 -0.996300 0.000000 0.000000 0.000000 1.000000
0.978264 0.192393 -0.077356 0.012400 -0.202292 0.967439 -0.152116 10.445200 0.045571 0.164458 0.985331 -0.996300 0.000000 0.000000 0.000000 1.000000
0.965215 0.204616 -0.162764 0.012400 -0.220930 0.971200 -0.089219 10.445200 0.139821 0.122075 0.982623 -0.996300 0.000000 0.000000 0.000000 1.000000
0.958108 0.172332 -0.228760 0.012400 -0.173662 0.984699 0.014461 10.445200 0.227751 0.025872 0.973376 -0.996300 0.000000 0.000000 0.000000 1.000000
0.950195 0.130631 -0.282957 0.012400 -0.102404 0.988371 0.112411 10.445200 0.294351 -0.077837 0.952522 -0.996300 0.000000 0.000000 0.000000 1.000000
0.946856 0.098841 -0.306095 0.012400 -0.053626 0.986807 0.152764 10.445200 0.317156 -0.128231 0.939664 -0.996300 0.000000 0.000000 0.000000 1.000000
0.948761 0.082345 -0.305077 0.012400 -0.037947 0.988153 0.148707 10.445200 0.313708 -0.129510 0.940646 -0.996300 0.000000 0.000000 0.000000 1.000000
0.956934 0.068622 -0.282077 0.012400 -0.038832 0.993186 0.109879 10.445200 0.287695 -0.094193 0.953079 -0.996300 0.000000 0.000000 0.000000 1.000000
0.972444 0.046194 -0.228513 0.012400 -0.037812 0.998446 0.040927 10.445200 0.230049 -0.031158 0.972680 -0.996300 0.000000 0.000000 0.000000 1.000000
0.991930 0.012449 -0.126176 0.012400 -0.019021 0.998517 -0.051017 10.445200 0.125354 0.053005 0.990695 -0.996300 0.000000 0.000000 0.000000 1.000000
0.999546 -0.028760 0.008924 0.012400 0.029689 0.990764 -0.132305 10.445200 -0.005037 0.132510 0.991169 -0.996300 0.000000 0.000000 0.000000 1.000000
0.989859 -0.065785 0.125900 0.012400 0.086504 0.982169 -0.166916 10.445200 -0.112675 0.176114 0.977900 -0.996300 0.000000 0.000000 0.000000 1.000000
0.975518 -0.076097 0.206334 0.012400 0.108868 0.982299 -0.152435 10.445200 -0.191082 0.171167 0.966535 -0.996300 0.000000 0.000000 0.000000 1.000000</float_array>
        <technique_common>
          <accessor source="#mixamorig_Spine-Matrix-animation-output-transform-array" count="19" stride="16">
            <param type="float4x4"/>
          </accessor>
        </technique_common>
      </source>
      <source id="mixamorig_Spine-Interpolations">
        <Name_array id="mixamorig_Spine-Interpolations-array" count="19">
 LINEAR LINEAR LINEAR LINEAR LINEAR LINEAR LINEAR LINEAR LINEAR LINEAR LINEAR
LINEAR LINEAR LINEAR LINEAR LINEAR LINEAR LINEAR LINEAR</Name_array>
        <technique_common>
          <accessor source="#mixamorig_Spine-Interpolations-array" count="19">
            <param type="name"/>
          </accessor>
        </technique_common>
      </source>
      <sampler id="mixamorig_Spine-Matrix-animation-transform">
        <input semantic="INPUT" source="#mixamorig_Spine-Matrix-animation-input"/>
        <input semantic="OUTPUT" source="#mixamorig_Spine-Matrix-animation-output-transform"/>
        <input semantic="INTERPOLATION" source="#mixamorig_Spine-Interpolations"/>
      </sampler>
      <channel source="#mixamorig_Spine-Matrix-animation-transform" target="mixamorig_Spine/matrix"/>
    </animation>
    <animation id="mixamorig_Spine1-anim" name="mixamorig_Spine1">
      <source id="mixamorig_Spine1-Matrix-animation-input">
        <float_array id="mixamorig_Spine1-Matrix-animation-input-array" count="19">

0.000000 0.033333 0.066667 0.100000 0.133333 0.166667 0.200000 0.233333 0.266667 0.300000 0.333333 0.366667 0.400000 0.433333 0.466667 0.500000
0.533333 0.566667 0.600000</float_array>
        <technique_common>
          <accessor source="#mixamorig_Spine1-Matrix-animation-input-array" count="19">
            <param name="TIME" type="float"/>
          </accessor>
        </technique_common>
      </source>
      <source id="mixamorig_Spine1-Matrix-animation-output-transform">
        <float_array id="mixamorig_Spine1-Matrix-animation-output-transform-array" count="304">

0.999243 -0.026342 0.028635 0.000000 0.024600 0.997920 0.059583 12.174800 -0.030145 -0.058833 0.997813 0.000000 0.000000 0.000000 0.000000 1.000000
0.999192 -0.023424 0.032646 0.000000 0.022309 0.999169 0.034111 12.174800 -0.033418 -0.033355 0.998885 -0.000000 0.000000 0.000000 0.000000 1.000000
0.999243 -0.011556 0.037141 0.000000 0.011186 0.999886 0.010165 12.174800 -0.037254 -0.009742 0.999258 0.000000 0.000000 0.000000 0.000000 1.000000
0.999282 -0.001711 0.037856 0.000000 0.001754 0.999998 -0.001092 12.174800 -0.037854 0.001157 0.999283 0.000000 0.000000 0.000000 0.000000 1.000000
0.999504 -0.005535 0.031009 0.000000 0.005391 0.999974 0.004705 12.174800 -0.031034 -0.004536 0.999508 0.000000 0.000000 0.000000 0.000000 1.000000
0.999497 -0.028493 0.013901 -0.000000 0.028170 0.999341 0.022889 12.174800 -0.014544 -0.022486 0.999641 0.000000 0.000000 0.000000 0.000000 1.000000
0.998562 -0.053398 -0.004763 0.000000 0.053573 0.997211 0.051971 12.174800 0.001974 -0.052151 0.998637 0.000000 0.000000 0.000000 0.000000 1.000000
0.997405 -0.069343 -0.019387 0.000000 0.070314 0.996010 0.054948 12.174800 0.015499 -0.056168 0.998301 0.000000 0.000000 0.000000 0.000000 1.000000
0.996792 -0.074015 -0.030438 -0.000000 0.074855 0.996817 0.027429 12.174800 0.028311 -0.029620 0.999160 -0.000000 0.000000 0.000000 0.000000 1.000000
0.996994 -0.066944 -0.039011 0.000000 0.066487 0.997704 -0.012887 12.174800 0.039784 0.010254 0.999156 0.000000 0.000000 0.000000 0.000000 1.000000
0.997756 -0.050093 -0.044437 0.000000 0.048528 0.998187 -0.035609 12.174800 0.046140 0.033372 0.998377 0.000000 0.000000 0.000000 0.000000 1.000000
0.997967 -0.044766 -0.045353 0.000000 0.042715 0.998063 -0.045225 12.174800 0.047290 0.043195 0.997947 0.000000 0.000000 0.000000 0.000000 1.000000
0.997673 -0.051863 -0.044269 0.000000 0.049752 0.997630 -0.047523 12.174800 0.046629 0.045210 0.997889 -0.000000 0.000000 0.000000 0.000000 1.000000
0.997249 -0.061302 -0.041668 0.000000 0.059629 0.997407 -0.040284 12.174800 0.044029 0.037689 0.998319 0.000000 0.000000 0.000000 0.000000 1.000000
0.997497 -0.061280 -0.035283 -0.000000 0.060511 0.997915 -0.022466 12.174800 0.036586 0.020275 0.999125 -0.000000 0.000000 0.000000 0.000000 1.000000
0.998818 -0.043999 -0.020647 0.000000 0.044081 0.999022 0.003548 12.174800 0.020470 -0.004454 0.999781 -0.000000 0.000000 0.000000 0.000000 1.000000
0.999684 -0.025083 -0.001825 0.000000 0.025126 0.999257 0.029212 12.174800 0.001091 -0.029248 0.999572 0.000000 0.000000 0.000000 0.000000 1.000000
0.999705 -0.020194 0.013528 0.000000 0.019455 0.998419 0.052742 12.174800 -0.014572 -0.052463 0.998517 -0.000000 0.000000 0.000000 0.000000 1.000000
0.999457 -0.023005 0.023604 0.000000 0.021497 0.997828 0.062264 12.174800 -0.024986 -0.061723 0.997781 0.000000 0.000000 0.000000 0.000000 1.000000</float_array>
        <technique_common>
          <accessor source="#mixamorig_Spine1-Matrix-animation-output-transform-array" count="19" stride="16">
            <param type="float4x4"/>
          </accessor>
        </technique_common>
      </source>
      <source id="mixamorig_Spine1-Interpolations">
        <Name_array id="mixamorig_Spine1-Interpolations-array" count="19">
 LINEAR LINEAR LINEAR LINEAR LINEAR LINEAR LINEAR LINEAR LINEAR LINEAR LINEAR
LINEAR LINEAR LINEAR LINEAR LINEAR LINEAR LINEAR LINEAR</Name_array>
        <technique_common>
          <accessor source="#mixamorig_Spine1-Interpolations-array" count="19">
            <param type="name"/>
          </accessor>
        </technique_common>
      </source>
      <sampler id="mixamorig_Spine1-Matrix-animation-transform">
        <input semantic="INPUT" source="#mixamorig_Spine1-Matrix-animation-input"/>
        <input semantic="OUTPUT" source="#mixamorig_Spine1-Matrix-animation-output-transform"/>
        <input semantic="INTERPOLATION" source="#mixamorig_Spine1-Interpolations"/>
      </sampler>
      <channel source="#mixamorig_Spine1-Matrix-animation-transform" target="mixamorig_Spine1/matrix"/>
    </animation>
    <animation id="mixamorig_Spine2-anim" name="mixamorig_Spine2">
      <source id="mixamorig_Spine2-Matrix-animation-input">
        <float_array id="mixamorig_Spine2-Matrix-animation-input-array" count="19">

0.000000 0.033333 0.066667 0.100000 0.133333 0.166667 0.200000 0.233333 0.266667 0.300000 0.333333 0.366667 0.400000 0.433333 0.466667 0.500000
0.533333 0.566667 0.600000</float_array>
        <technique_common>
          <accessor source="#mixamorig_Spine2-Matrix-animation-input-array" count="19">
            <param name="TIME" type="float"/>
          </accessor>
        </technique_common>
      </source>
      <source id="mixamorig_Spine2-Matrix-animation-output-transform">
        <float_array id="mixamorig_Spine2-Matrix-animation-output-transform-array" count="304">

0.999290 -0.021294 0.031079 -0.000000 0.022421 0.999086 -0.036387 14.038200 -0.030276 0.037058 0.998854 -0.000000 0.000000 0.000000 0.000000 1.000000
0.999234 -0.018092 0.034688 -0.000000 0.020169 0.997964 -0.060511 14.038200 -0.033522 0.061164 0.997565 -0.000000 0.000000 0.000000 0.000000 1.000000
0.999251 -0.006913 0.038084 -0.000000 0.010094 0.996415 -0.083992 14.038200 -0.037367 0.084313 0.995738 0.000000 0.000000 0.000000 0.000000 1.000000
0.999286 0.001885 0.037732 -0.000000 0.001754 0.995361 -0.096190 14.038200 -0.037738 0.096188 0.994648 0.000000 0.000000 0.000000 0.000000 1.000000
0.999512 -0.002627 0.031122 -0.000000 0.005455 0.995822 -0.091155 14.038200 -0.030753 0.091280 0.995350 0.000000 0.000000 0.000000 0.000000 1.000000
0.999529 -0.025773 0.016679 0.000000 0.026892 0.997128 -0.070800 14.038200 -0.014806 0.071215 0.997351 0.000000 0.000000 0.000000 0.000000 1.000000
0.998583 -0.053213 0.000360 -0.000000 0.053181 0.997692 -0.042221 14.038200 0.001888 0.042180 0.999108 0.000000 0.000000 0.000000 0.000000 1.000000
0.997335 -0.071836 -0.012726 -0.000000 0.071263 0.996620 -0.040876 14.038200 0.015619 0.039860 0.999083 0.000000 0.000000 0.000000 0.000000 1.000000
0.996772 -0.077030 -0.022613 0.000000 0.075074 0.994173 -0.077355 14.038200 0.028440 0.075408 0.996747 0.000000 0.000000 0.000000 0.000000 1.000000
0.997142 -0.068944 -0.030908 0.000000 0.064112 0.988537 -0.136687 14.038200 0.039977 0.134315 0.990132 0.000000 0.000000 0.000000 0.000000 1.000000
0.997915 -0.052154 -0.038021 0.000000 0.044251 0.981708 -0.185178 14.038200 0.046983 0.183109 0.981969 0.000000 0.000000 0.000000 0.000000 1.000000
0.998183 -0.044773 -0.040321 0.000000 0.035433 0.977443 -0.208206 14.038200 0.048733 0.206400 0.977253 0.000000 0.000000 0.000000 0.000000 1.000000
0.997895 -0.051806 -0.039022 -0.000000 0.042370 0.976235 -0.212531 14.038200 0.049105 0.210431 0.976375 -0.000000 0.000000 0.000000 0.000000 1.000000
0.997484 -0.061557 -0.035172 0.000000 0.053541 0.979256 -0.195424 14.038200 0.046472 0.193049 0.980088 0.000000 0.000000 0.000000 0.000000 1.000000
0.997680 -0.061862 -0.028435 0.000000 0.056641 0.985888 -0.157535 14.038200 0.037779 0.155559 0.987104 0.000000 0.000000 0.000000 0.000000 1.000000
0.998812 -0.046098 -0.015768 0.000000 0.044165 0.993342 -0.106401 14.038200 0.020568 0.105578 0.994198 0.000000 0.000000 0.000000 0.000000 1.000000
0.999600 -0.028282 0.000865 0.000000 0.028277 0.997422 -0.065953 14.038200 0.001003 0.065951 0.997822 -0.000000 0.000000 0.000000 0.000000 1.000000
0.999664 -0.020623 0.015724 0.000000 0.021247 0.998949 -0.040615 14.038200 -0.014870 0.040935 0.999051 0.000000 0.000000 0.000000 0.000000 1.000000
0.999465 -0.019905 0.025971 0.000000 0.020760 0.999237 -0.033097 14.038200 -0.025292 0.033618 0.999115 0.000000 0.000000 0.000000 0.000000 1.000000</float_array>
        <technique_common>
          <accessor source="#mixamorig_Spine2-Matrix-animation-output-transform-array" count="19" stride="16">
            <param type="float4x4"/>
          </accessor>
        </technique_common>
      </source>
      <source id="mixamorig_Spine2-Interpolations">
        <Name_array id="mixamorig_Spine2-Interpolations-array" count="19">
 LINEAR LINEAR LINEAR LINEAR LINEAR LINEAR LINEAR LINEAR LINEAR LINEAR LINEAR
LINEAR LINEAR LINEAR LINEAR LINEAR LINEAR LINEAR LINEAR</Name_array>
        <technique_common>
          <accessor source="#mixamorig_Spine2-Interpolations-array" count="19">
            <param type="name"/>
          </accessor>
        </technique_common>
      </source>
      <sampler id="mixamorig_Spine2-Matrix-animation-transform">
        <input semantic="INPUT" source="#mixamorig_Spine2-Matrix-animation-input"/>
        <input semantic="OUTPUT" source="#mixamorig_Spine2-Matrix-animation-output-transform"/>
        <input semantic="INTERPOLATION" source="#mixamorig_Spine2-Interpolations"/>
      </sampler>
      <channel source="#mixamorig_Spine2-Matrix-animation-transform" target="mixamorig_Spine2/matrix"/>
    </animation>
    <animation id="mixamorig_Neck-anim" name="mixamorig_Neck">
      <source id="mixamorig_Neck-Matrix-animation-input">
        <float_array id="mixamorig_Neck-Matrix-animation-input-array" count="19">

0.000000 0.033333 0.066667 0.100000 0.133333 0.166667 0.200000 0.233333 0.266667 0.300000 0.333333 0.366667 0.400000 0.433333 0.466667 0.500000
0.533333 0.566667 0.600000</float_array>
        <technique_common>
          <accessor source="#mixamorig_Neck-Matrix-animation-input-array" count="19">
            <param name="TIME" type="float"/>
          </accessor>
        </technique_common>
      </source>
      <source id="mixamorig_Neck-Matrix-animation-output-transform">
        <float_array id="mixamorig_Neck-Matrix-animation-output-transform-array" count="304">

0.997638 0.053298 -0.043326 0.049900 -0.056499 0.995476 -0.076387 15.686700 0.039059 0.078654 0.996136 -1.491600 0.000000 0.000000 0.000000 1.000000
0.997324 0.048936 -0.054307 0.049900 -0.054085 0.993737 -0.097787 15.686700 0.049181 0.100463 0.993725 -1.491600 0.000000 0.000000 0.000000 1.000000
0.997107 0.044512 -0.061615 0.049900 -0.049826 0.994910 -0.087588 15.686700 0.057403 0.090404 0.994249 -1.491600 0.000000 0.000000 0.000000 1.000000
0.996681 0.050553 -0.063801 0.049900 -0.054541 0.996560 -0.062391 15.686700 0.060427 0.065664 0.996010 -1.491600 0.000000 0.000000 0.000000 1.000000
0.995834 0.068857 -0.059786 0.049900 -0.071493 0.996508 -0.043144 15.686700 0.056607 0.047239 0.997278 -1.491600 0.000000 0.000000 0.000000 1.000000
0.994606 0.090491 -0.050693 0.049900 -0.092747 0.994714 -0.044076 15.686700 0.046436 0.048540 0.997741 -1.491600 0.000000 0.000000 0.000000 1.000000
0.994854 0.094192 -0.037317 0.049900 -0.096067 0.994011 -0.052097 15.686700 0.032186 0.055414 0.997945 -1.491600 0.000000 0.000000 0.000000 1.000000
0.996857 0.076509 -0.020576 0.049900 -0.077369 0.995993 -0.044860 15.686700 0.017061 0.046311 0.998781 -1.491600 0.000000 0.000000 0.000000 1.000000
0.998755 0.049818 -0.002618 0.049900 -0.049869 0.998435 -0.025327 15.686700 0.001352 0.025426 0.999676 -1.491600 0.000000 0.000000 0.000000 1.000000
0.999523 0.027839 0.013348 0.049900 -0.027781 0.999604 -0.004462 15.686700 -0.013467 0.004089 0.999901 -1.491600 0.000000 0.000000 0.000000 1.000000
0.999484 0.020661 0.024609 0.049900 -0.020793 0.999771 0.005130 15.686700 -0.024497 -0.005639 0.999684 -1.491600 0.000000 0.000000 0.000000 1.000000
0.999325 0.021783 0.029569 0.049900 -0.022051 0.999718 0.008768 15.686700 -0.029370 -0.009414 0.999524 -1.491600 0.000000 0.000000 0.000000 1.000000
0.999346 0.020843 0.029553 0.049900 -0.021307 0.999653 0.015492 15.686700 -0.029220 -0.016112 0.999443 -1.491600 0.000000 0.000000 0.000000 1.000000
0.999499 0.018618 0.025598 0.049900 -0.019241 0.999519 0.024310 15.686700 -0.025133 -0.024790 0.999377 -1.491600 0.000000 0.000000 0.000000 1.000000
0.999646 0.019229 0.018391 0.049900 -0.019806 0.999302 0.031684 15.686700 -0.017768 -0.032037 0.999329 -1.491600 0.000000 0.000000 0.000000 1.000000
0.999592 0.027334 0.008326 0.049900 -0.027596 0.999068 0.033193 15.686700 -0.007411 -0.033409 0.999414 -1.491600 0.000000 0.000000 0.000000 1.000000
0.999175 0.040431 -0.003906 0.049900 -0.040322 0.998874 0.025016 15.686700 0.004913 -0.024838 0.999679 -1.491600 0.000000 0.000000 0.000000 1.000000
0.998546 0.050887 -0.017802 0.049900 -0.050899 0.998704 -0.000221 15.686700 0.017768 0.001127 0.999842 -1.491600 0.000000 0.000000 0.000000 1.000000
0.997976 0.054680 -0.032457 0.049900 -0.055970 0.997620 -0.040260 15.686700 0.030178 0.041995 0.998662 -1.491600 0.000000 0.000000 0.000000 1.000000</float_array>
        <technique_common>
          <accessor source="#mixamorig_Neck-Matrix-animation-output-transform-array" count="19" stride="16">
            <param type="float4x4"/>
          </accessor>
        </technique_common>
      </source>
      <source id="mixamorig_Neck-Interpolations">
        <Name_array id="mixamorig_Neck-Interpolations-array" count="19">
 LINEAR LINEAR LINEAR LINEAR LINEAR LINEAR LINEAR LINEAR LINEAR LINEAR LINEAR
LINEAR LINEAR LINEAR LINEAR LINEAR LINEAR LINEAR LINEAR</Name_array>
        <technique_common>
          <accessor source="#mixamorig_Neck-Interpolations-array" count="19">
            <param type="name"/>
          </accessor>
        </technique_common>
      </source>
      <sampler id="mixamorig_Neck-Matrix-animation-transform">
        <input semantic="INPUT" source="#mixamorig_Neck-Matrix-animation-input"/>
        <input semantic="OUTPUT" source="#mixamorig_Neck-Matrix-animation-output-transform"/>
        <input semantic="INTERPOLATION" source="#mixamorig_Neck-Interpolations"/>
      </sampler>
      <channel source="#mixamorig_Neck-Matrix-animation-transform" target="mixamorig_Neck/matrix"/>
    </animation>
    <animation id="mixamorig_Head-anim" name="mixamorig_Head">
      <source id="mixamorig_Head-Matrix-animation-input">
        <float_array id="mixamorig_Head-Matrix-animation-input-array" count="19">

0.000000 0.033333 0.066667 0.100000 0.133333 0.166667 0.200000 0.233333 0.266667 0.300000 0.333333 0.366667 0.400000 0.433333 0.466667 0.500000
0.533333 0.566667 0.600000</float_array>
        <technique_common>
          <accessor source="#mixamorig_Head-Matrix-animation-input-array" count="19">
            <param name="TIME" type="float"/>
          </accessor>
        </technique_common>
      </source>
      <source id="mixamorig_Head-Matrix-animation-output-transform">
        <float_array id="mixamorig_Head-Matrix-animation-output-transform-array" count="304">

0.993232 0.004900 -0.116040 0.000000 0.034669 0.941052 0.336481 7.013200 0.110848 -0.338227 0.934513 0.918400 0.000000 0.000000 0.000000 1.000000
0.984881 0.006605 -0.173107 0.000000 0.046650 0.952247 0.301745 7.013200 0.166834 -0.305259 0.937541 0.918400 0.000000 0.000000 0.000000 1.000000
0.977533 0.007801 -0.210640 0.000000 0.051971 0.959545 0.276718 7.013200 0.204277 -0.281448 0.937581 0.918400 0.000000 0.000000 0.000000 1.000000
0.974876 0.004630 -0.222700 -0.000000 0.057466 0.960712 0.271534 7.013200 0.215208 -0.277510 0.936309 0.918400 0.000000 0.000000 0.000000 1.000000
0.977718 -0.002940 -0.209902 0.000000 0.064904 0.955143 0.288944 7.013200 0.199636 -0.296129 0.934052 0.918400 0.000000 0.000000 0.000000 1.000000
0.984035 -0.011191 -0.177625 -0.000000 0.069207 0.943536 0.323959 7.013200 0.163970 -0.331080 0.929247 0.918400 0.000000 0.000000 0.000000 1.000000
0.991109 -0.019066 -0.131681 0.000000 0.066441 0.928376 0.365655 7.013200 0.115278 -0.371153 0.921388 0.918400 0.000000 0.000000 0.000000 1.000000
0.997654 -0.019782 -0.065543 0.000000 0.043892 0.919528 0.390566 7.013200 0.052543 -0.392526 0.918239 0.918400 0.000000 0.000000 0.000000 1.000000
0.999714 -0.013579 0.019662 -0.000000 0.004990 0.923338 0.383956 7.013200 -0.023368 -0.383749 0.923142 0.918400 0.000000 0.000000 0.000000 1.000000
0.994359 -0.001900 0.106052 0.000000 -0.034972 0.938056 0.344715 7.013200 -0.100137 -0.346479 0.932698 0.918400 0.000000 0.000000 0.000000 1.000000
0.986193 0.007039 0.165453 -0.000000 -0.055856 0.954688 0.292319 7.013200 -0.155898 -0.297524 0.941900 0.918400 0.000000 0.000000 0.000000 1.000000
0.982883 0.013030 0.183768 0.000000 -0.061568 0.963376 0.260990 7.013200 -0.173637 -0.267837 0.947689 0.918400 0.000000 0.000000 0.000000 1.000000
0.983443 0.023829 0.179642 0.000000 -0.072159 0.960829 0.267581 7.013200 -0.166229 -0.276114 0.946641 0.918400 0.000000 0.000000 0.000000 1.000000
0.986642 0.036650 0.158729 0.000000 -0.082813 0.951913 0.294965 7.013200 -0.140285 -0.304170 0.942232 0.918400 0.000000 0.000000 0.000000 1.000000
0.991251 0.046485 0.123534 0.000000 -0.084233 0.943354 0.320918 7.013200 -0.101618 -0.328516 0.939016 0.918400 0.000000 0.000000 0.000000 1.000000
0.996058 0.045988 0.075854 0.000000 -0.068457 0.942321 0.327634 7.013200 -0.056412 -0.331535 0.941755 0.918400 0.000000 0.000000 0.000000 1.000000
0.998840 0.036360 0.031578 -0.000000 -0.044759 0.942874 0.330129 7.013200 -0.017771 -0.331159 0.943408 0.918400 0.000000 0.000000 0.000000 1.000000
0.999697 0.021064 -0.012760 0.000000 -0.015415 0.939276 0.342817 7.013200 0.019207 -0.342517 0.939315 0.918400 0.000000 0.000000 0.000000 1.000000
0.997661 0.009976 -0.067623 0.000000 0.014048 0.938252 0.345667 7.013200 0.066896 -0.345809 0.935917 0.918400 0.000000 0.000000 0.000000 1.000000</float_array>
        <technique_common>
          <accessor source="#mixamorig_Head-Matrix-animation-output-transform-array" count="19" stride="16">
            <param type="float4x4"/>
          </accessor>
        </technique_common>
      </source>
      <source id="mixamorig_Head-Interpolations">
        <Name_array id="mixamorig_Head-Interpolations-array" count="19">
 LINEAR LINEAR LINEAR LINEAR LINEAR LINEAR LINEAR LINEAR LINEAR LINEAR LINEAR
LINEAR LINEAR LINEAR LINEAR LINEAR LINEAR LINEAR LINEAR</Name_array>
        <technique_common>
          <accessor source="#mixamorig_Head-Interpolations-array" count="19">
            <param type="name"/>
          </accessor>
        </technique_common>
      </source>
      <sampler id="mixamorig_Head-Matrix-animation-transform">
        <input semantic="INPUT" source="#mixamorig_Head-Matrix-animation-input"/>
        <input semantic="OUTPUT" source="#mixamorig_Head-Matrix-animation-output-transform"/>
        <input semantic="INTERPOLATION" source="#mixamorig_Head-Interpolations"/>
      </sampler>
      <channel source="#mixamorig_Head-Matrix-animation-transform" target="mixamorig_Head/matrix"/>
    </animation>
    <animation id="mixamorig_LeftShoulder-anim" name="mixamorig_LeftShoulder">
      <source id="mixamorig_LeftShoulder-Matrix-animation-input">
        <float_array id="mixamorig_LeftShoulder-Matrix-animation-input-array" count="19">

0.000000 0.033333 0.066667 0.100000 0.133333 0.166667 0.200000 0.233333 0.266667 0.300000 0.333333 0.366667 0.400000 0.433333 0.466667 0.500000
0.533333 0.566667 0.600000</float_array>
        <technique_common>
          <accessor source="#mixamorig_LeftShoulder-Matrix-animation-input-array" count="19">
            <param name="TIME" type="float"/>
          </accessor>
        </technique_common>
      </source>
      <source id="mixamorig_LeftShoulder-Matrix-animation-output-transform">
        <float_array id="mixamorig_LeftShoulder-Matrix-animation-output-transform-array" count="304">

0.143897 0.936496 -0.319795 6.264200 0.046098 -0.329151 -0.943151 12.592000 -0.988518 0.120975 -0.090535 -1.459300 0.000000 0.000000 0.000000 1.000000
0.139271 0.942529 -0.303715 6.264200 0.044573 -0.312359 -0.948918 12.592000 -0.989251 0.118619 -0.085514 -1.459300 0.000000 0.000000 0.000000 1.000000
0.137755 0.945377 -0.295441 6.264200 0.043976 -0.303828 -0.951711 12.592000 -0.989490 0.118111 -0.083427 -1.459300 0.000000 0.000000 0.000000 1.000000
0.149295 0.936551 -0.317149 6.264200 0.047165 -0.327123 -0.943804 12.592000 -0.987667 0.125947 -0.093010 -1.459300 0.000000 0.000000 0.000000 1.000000
0.173777 0.915783 -0.362136 6.264200 0.053803 -0.376010 -0.925052 12.592000 -0.983314 0.141269 -0.114614 -1.459300 0.000000 0.000000 0.000000 1.000000
0.199403 0.895621 -0.397620 6.264200 0.060108 -0.416184 -0.907292 12.592000 -0.978072 0.157016 -0.136822 -1.459300 0.000000 0.000000 0.000000 1.000000
0.209738 0.888786 -0.407516 6.264200 0.062671 -0.428150 -0.901532 12.592000 -0.975747 0.163546 -0.145501 -1.459300 0.000000 0.000000 0.000000 1.000000
0.176566 0.903312 -0.390963 6.264200 0.055615 -0.405725 -0.912301 12.592000 -0.982716 0.139338 -0.121875 -1.459300 0.000000 0.000000 0.000000 1.000000
0.119492 0.928095 -0.352648 6.264200 0.042677 -0.359666 -0.932104 12.592000 -0.991918 0.096328 -0.082586 -1.459300 0.000000 0.000000 0.000000 1.000000
0.062851 0.949745 -0.306650 6.264200 0.029165 -0.308874 -0.950656 12.592000 -0.997597 0.050807 -0.047112 -1.459300 0.000000 0.000000 0.000000 1.000000
0.026982 0.960657 -0.276422 6.264200 0.020241 -0.276991 -0.960659 12.592000 -0.999431 0.020325 -0.026918 -1.459300 0.000000 0.000000 0.000000 1.000000
0.024691 0.959846 -0.279439 6.264200 0.019916 -0.279941 -0.959811 12.592000 -0.999497 0.018133 -0.026028 -1.459300 0.000000 0.000000 0.000000 1.000000
0.046498 0.955334 -0.291848 6.264200 0.025153 -0.293191 -0.955723 12.592000 -0.998602 0.037099 -0.037662 -1.459300 0.000000 0.000000 0.000000 1.000000
0.076866 0.947744 -0.309632 6.264200 0.032221 -0.312750 -0.949289 12.592000 -0.996521 0.062991 -0.054577 -1.459300 0.000000 0.000000 0.000000 1.000000
0.105360 0.938618 -0.328474 6.264200 0.038713 -0.333933 -0.941801 12.592000 -0.993680 0.086512 -0.071520 -1.459300 0.000000 0.000000 0.000000 1.000000
0.129327 0.930508 -0.342679 6.264200 0.044095 -0.350636 -0.935473 12.592000 -0.990621 0.105871 -0.086377 -1.459300 0.000000 0.000000 0.000000 1.000000
0.157753 0.920031 -0.358689 6.264200 0.050681 -0.370302 -0.927528 12.592000 -0.986177 0.128141 -0.105045 -1.459300 0.000000 0.000000 0.000000 1.000000
0.161109 0.921444 -0.353533 6.264200 0.051300 -0.365547 -0.929378 12.592000 -0.985602 0.131595 -0.106163 -1.459300 0.000000 0.000000 0.000000 1.000000
0.152119 0.929501 -0.335987 6.264200 0.048655 -0.346574 -0.936760 12.592000 -0.987164 0.126152 -0.097945 -1.459300 0.000000 0.000000 0.000000 1.000000</float_array>
        <technique_common>
          <accessor source="#mixamorig_LeftShoulder-Matrix-animation-output-transform-array" count="19" stride="16">
            <param type="float4x4"/>
          </accessor>
        </technique_common>
      </source>
      <source id="mixamorig_LeftShoulder-Interpolations">
        <Name_array id="mixamorig_LeftShoulder-Interpolations-array" count="19">
 LINEAR LINEAR LINEAR LINEAR LINEAR LINEAR LINEAR LINEAR LINEAR LINEAR LINEAR
LINEAR LINEAR LINEAR LINEAR LINEAR LINEAR LINEAR LINEAR</Name_array>
        <technique_common>
          <accessor source="#mixamorig_LeftShoulder-Interpolations-array" count="19">
            <param type="name"/>
          </accessor>
        </technique_common>
      </source>
      <sampler id="mixamorig_LeftShoulder-Matrix-animation-transform">
        <input semantic="INPUT" source="#mixamorig_LeftShoulder-Matrix-animation-input"/>
        <input semantic="OUTPUT" source="#mixamorig_LeftShoulder-Matrix-animation-output-transform"/>
        <input semantic="INTERPOLATION" source="#mixamorig_LeftShoulder-Interpolations"/>
      </sampler>
      <channel source="#mixamorig_LeftShoulder-Matrix-animation-transform" target="mixamorig_LeftShoulder/matrix"/>
    </animation>
    <animation id="mixamorig_LeftArm-anim" name="mixamorig_LeftArm">
      <source id="mixamorig_LeftArm-Matrix-animation-input">
        <float_array id="mixamorig_LeftArm-Matrix-animation-input-array" count="19">

0.000000 0.033333 0.066667 0.100000 0.133333 0.166667 0.200000 0.233333 0.266667 0.300000 0.333333 0.366667 0.400000 0.433333 0.466667 0.500000
0.533333 0.566667 0.600000</float_array>
        <technique_common>
          <accessor source="#mixamorig_LeftArm-Matrix-animation-input-array" count="19">
            <param name="TIME" type="float"/>
          </accessor>
        </technique_common>
      </source>
      <source id="mixamorig_LeftArm-Matrix-animation-output-transform">
        <float_array id="mixamorig_LeftArm-Matrix-animation-output-transform-array" count="304">

0.473341 0.806912 0.353328 0.000000 -0.285742 0.520070 -0.804909 13.827000 -0.833246 0.280036 0.476739 0.000000 0.000000 0.000000 0.000000 1.000000
0.368750 0.858529 0.356302 0.000000 -0.372626 0.487699 -0.789493 13.827000 -0.851571 0.158358 0.499749 0.000000 0.000000 0.000000 0.000000 1.000000
0.374343 0.871038 0.318056 -0.000000 -0.405797 0.462289 -0.788427 13.827000 -0.833784 0.166076 0.526519 0.000000 0.000000 0.000000 0.000000 1.000000
0.483209 0.842433 0.238361 -0.000000 -0.417447 0.461009 -0.783076 13.827000 -0.769576 0.278887 0.574435 0.000000 0.000000 0.000000 0.000000 1.000000
0.640398 0.752647 0.153014 0.000000 -0.386017 0.487645 -0.783066 13.827000 -0.663989 0.442408 0.602822 0.000000 0.000000 0.000000 0.000000 1.000000
0.782373 0.612958 0.110341 0.000000 -0.311716 0.538762 -0.782668 13.827000 -0.539190 0.577943 0.612581 -0.000000 0.000000 0.000000 0.000000 1.000000
0.913165 0.389128 0.121284 0.000000 -0.167508 0.629558 -0.758681 13.827000 -0.371580 0.672485 0.640073 0.000000 0.000000 0.000000 0.000000 1.000000
0.995037 0.032970 0.093881 -0.000000 0.045101 0.691569 -0.720901 13.827000 -0.088693 0.721557 0.686650 0.000000 0.000000 0.000000 0.000000 1.000000
0.941775 -0.336077 -0.010602 0.000000 0.234330 0.678613 -0.696114 13.827000 0.241142 0.653098 0.717853 0.000000 0.000000 0.000000 0.000000 1.000000
0.805576 -0.572165 -0.153865 0.000000 0.337570 0.656647 -0.674434 13.827000 0.486923 0.491368 0.722125 0.000000 0.000000 0.000000 0.000000 1.000000
0.725713 -0.643436 -0.243578 0.000000 0.394741 0.679380 -0.618565 13.827000 0.563489 0.352750 0.747026 0.000000 0.000000 0.000000 0.000000 1.000000
0.737481 -0.639330 -0.217667 0.000000 0.444231 0.701963 -0.556692 13.827000 0.508704 0.313856 0.801695 0.000000 0.000000 0.000000 0.000000 1.000000
0.833293 -0.548189 -0.071490 0.000000 0.427464 0.720918 -0.545484 13.827000 0.350567 0.423989 0.835067 0.000000 0.000000 0.000000 0.000000 1.000000
0.933893 -0.334190 0.127123 0.000000 0.340401 0.722210 -0.602114 13.827000 0.109411 0.605582 0.788225 0.000000 0.000000 0.000000 0.000000 1.000000
0.966395 -0.031345 0.255143 0.000000 0.206836 0.684178 -0.699371 13.827000 -0.152642 0.728641 0.667669 0.000000 0.000000 0.000000 0.000000 1.000000
0.932633 0.234062 0.274610 0.000000 0.067868 0.633683 -0.770610 13.827000 -0.354386 0.737333 0.575109 0.000000 0.000000 0.000000 0.000000 1.000000
0.870297 0.433483 0.233827 -0.000000 -0.072863 0.582841 -0.809313 13.827000 -0.487108 0.687305 0.538830 0.000000 0.000000 0.000000 0.000000 1.000000
0.762145 0.595703 0.253519 0.000000 -0.149296 0.542758 -0.826514 13.827000 -0.629956 0.592074 0.502597 0.000000 0.000000 0.000000 0.000000 1.000000
0.612051 0.730610 0.302659 -0.000000 -0.228130 0.529565 -0.817018 13.827000 -0.757199 0.431011 0.490795 0.000000 0.000000 0.000000 0.000000 1.000000</float_array>
        <technique_common>
          <accessor source="#mixamorig_LeftArm-Matrix-animation-output-transform-array" count="19" stride="16">
            <param type="float4x4"/>
          </accessor>
        </technique_common>
      </source>
      <source id="mixamorig_LeftArm-Interpolations">
        <Name_array id="mixamorig_LeftArm-Interpolations-array" count="19">
 LINEAR LINEAR LINEAR LINEAR LINEAR LINEAR LINEAR LINEAR LINEAR LINEAR LINEAR
LINEAR LINEAR LINEAR LINEAR LINEAR LINEAR LINEAR LINEAR</Name_array>
        <technique_common>
          <accessor source="#mixamorig_LeftArm-Interpolations-array" count="19">
            <param type="name"/>
          </accessor>
        </technique_common>
      </source>
      <sampler id="mixamorig_LeftArm-Matrix-animation-transform">
        <input semantic="INPUT" source="#mixamorig_LeftArm-Matrix-animation-input"/>
        <input semantic="OUTPUT" source="#mixamorig_LeftArm-Matrix-animation-output-transform"/>
        <input semantic="INTERPOLATION" source="#mixamorig_LeftArm-Interpolations"/>
      </sampler>
      <channel source="#mixamorig_LeftArm-Matrix-animation-transform" target="mixamorig_LeftArm/matrix"/>
    </animation>
    <animation id="mixamorig_LeftForeArm-anim" name="mixamorig_LeftForeArm">
      <source id="mixamorig_LeftForeArm-Matrix-animation-input">
        <float_array id="mixamorig_LeftForeArm-Matrix-animation-input-array" count="19">

0.000000 0.033333 0.066667 0.100000 0.133333 0.166667 0.200000 0.233333 0.266667 0.300000 0.333333 0.366667 0.400000 0.433333 0.466667 0.500000
0.533333 0.566667 0.600000</float_array>
        <technique_common>
          <accessor source="#mixamorig_LeftForeArm-Matrix-animation-input-array" count="19">
            <param name="TIME" type="float"/>
          </accessor>
        </technique_common>
      </source>
      <source id="mixamorig_LeftForeArm-Matrix-animation-output-transform">
        <float_array id="mixamorig_LeftForeArm-Matrix-animation-output-transform-array" count="304">

