<?xml version="1.0" encoding="utf-8"?>
<COLLADA xmlns="http://www.collada.org/2005/11/COLLADASchema" version="1.4.1">
  <asset>
    <contributor>
      <author>Mixamo</author>
      <authoring_tool>COLLADA Mixamo exporter</authoring_tool>
      <comments/>
    </contributor>
    <created>2024-05-14T09:21:10Z</created>
    <modified>2024-05-14T09:21:10Z</modified>
    <revision/>
    <title/>
    <unit meter="0.010000"/>
    <up_axis>Y_UP</up_axis>
  </asset>
  <library_animations>
    <animation id="mixamorig_Hips-anim" name="mixamorig_Hips">
      <source id="mixamorig_Hips-Matrix-animation-input">
        <float_array id="mixamorig_Hips-Matrix-animation-input-array" count="22">

0.000000 0.033333 0.066667 0.100000 0.133333 0.166667 0.200000 0.233333 0.266667 0.300000 0.333333 0.366667 0.400000 0.433333 0.466667 0.500000
0.533333 0.566667 0.600000 0.633333 0.666667 0.700000</float_array>
        <technique_common>
          <accessor source="#mixamorig_Hips-Matrix-animation-input-array" count="22">
            <param name="TIME" type="float"/>
          </accessor>
        </technique_common>
      </source>
      <source id="mixamorig_Hips-Matrix-animation-output-transform">
        <float_array id="mixamorig_Hips-Matrix-animation-output-transform-array" count="352">

0.996098 0.070320 0.053329 -0.030686 -0.065043 0.993356 -0.094938 88.071159 -0.059651 0.091098 0.994054 0.875966 0.000000 0.000000 0.000000 1.000000
0.997803 0.049929 0.043552 0.432400 -0.045621 0.994446 -0.094849 90.655525 -0.048046 0.092654 0.994539 2.534583 0.000000 0.000000 0.000000 1.000000
0.997840 0.026087 0.060282 0.815040 -0.020606 0.995746 -0.089805 94.010529 -0.062368 0.088369 0.994133 4.232815 0.000000 0.000000 0.000000 1.000000
0.996053 0.003548 0.088688 1.008000 0.004468 0.995929 -0.090027 96.532730 -0.088647 0.090068 0.991983 5.729677 0.000000 0.000000 0.000000 1.000000
0.994984 -0.008499 0.099677 1.104003 0.017564 0.995749 -0.090417 97.330124 -0.098485 0.091714 0.990903 6.826993 0.000000 0.000000 0.000000 1.000000
0.997628 -0.003011 0.068768 1.329862 0.007988 0.997357 -0.072212 96.684593 -0.068369 0.072591 0.995016 7.407383 0.000000 0.000000 0.000000 1.000000
0.997156 -0.006762 0.075062 1.396310 0.010576 0.998666 -0.050539 95.765739 -0.074620 0.051189 0.995897 7.317654 0.000000 0.000000 0.000000 1.000000
0.995175 -0.014082 0.097103 1.349206 0.018171 0.998979 -0.041352 94.046440 -0.096422 0.042917 0.994415 6.191938 0.000000 0.000000 0.000000 1.000000
0.994420 -0.020587 0.103463 1.079469 0.025064 0.998796 -0.042160 90.813919 -0.102470 0.044518 0.993739 4.558584 0.000000 0.000000 0.000000 1.000000
0.995399 -0.026269 0.092147 0.631515 0.030956 0.998279 -0.049814 87.263382 -0.090679 0.052437 0.994499 2.822438 0.000000 0.000000 0.000000 1.000000
0.995533 -0.031313 0.089065 0.226063 0.036886 0.997417 -0.061634 86.151779 -0.086905 0.064644 0.994117 1.295322 0.000000 0.000000 0.000000 1.000000
0.995571 -0.002042 0.093986 0.175363 0.008676 0.997494 -0.070224 87.877144 -0.093607 0.070729 0.993094 1.744638 0.000000 0.000000 0.000000 1.000000
0.997559 0.033780 0.061110 0.208293 -0.028328 0.995720 -0.087969 90.836235 -0.063820 0.086023 0.994247 2.735128 0.000000 0.000000 0.000000 1.000000
0.997780 0.064338 0.017204 0.234224 -0.061846 0.990964 -0.119020 93.857590 -0.024706 0.117691 0.992743 3.354983 0.000000 0.000000 0.000000 1.000000
0.996948 0.077430 -0.009981 0.279390 -0.078056 0.986165 -0.146239 95.786209 -0.001481 0.146572 0.989199 3.451069 0.000000 0.000000 0.000000 1.000000
0.997765 0.066445 -0.007117 0.421426 -0.066793 0.988260 -0.137405 95.743355 -0.002097 0.137573 0.990489 3.549922 0.000000 0.000000 0.000000 1.000000
0.998228 0.058892 -0.008578 0.374659 -0.059490 0.991433 -0.116285 94.746628 0.001656 0.116589 0.993179 3.961205 0.000000 0.000000 0.000000 1.000000
0.998389 0.056681 0.002669 0.260477 -0.056056 0.992494 -0.108687 93.138145 -0.008810 0.108363 0.994072 3.491973 0.000000 0.000000 0.000000 1.000000
0.997978 0.056980 0.028171 0.031505 -0.053582 0.992551 -0.109413 90.757446 -0.034195 0.107683 0.993597 2.407455 0.000000 0.000000 0.000000 1.000000
0.996019 0.068465 0.057087 -0.252048 -0.061944 0.992101 -0.109079 88.147614 -0.064104 0.105109 0.992392 1.139425 0.000000 0.000000 0.000000 1.000000
0.992414 0.100723 0.070486 -0.398845 -0.093288 0.990418 -0.101835 86.608078 -0.080068 0.094487 0.992301 0.161082 0.000000 0.000000 0.000000 1.000000
0.995340 0.077505 0.057376 -0.113527 -0.071760 0.992772 -0.096200 87.721550 -0.064418 0.091634 0.993707 0.701000 0.000000 0.000000 0.000000 1.000000</float_array>
        <technique_common>
          <accessor source="#mixamorig_Hips-Matrix-animation-output-transform-array" count="22" stride="16">
            <param type="float4x4"/>
          </accessor>
        </technique_common>
      </source>
      <source id="mixamorig_Hips-Interpolations">
        <Name_array id="mixamorig_Hips-Interpolations-array" count="22">
 LINEAR LINEAR LINEAR LINEAR LINEAR LINEAR LINEAR LINEAR LINEAR LINEAR LINEAR
LINEAR LINEAR LINEAR LINEAR LINEAR LINEAR LINEAR LINEAR LINEAR LINEAR LINEAR</Name_array>
        <technique_common>
          <accessor source="#mixamorig_Hips-Interpolations-array" count="22">
            <param type="name"/>
          </accessor>
        </technique_common>
      </source>
      <sampler id="mixamorig_Hips-Matrix-animation-transform">
        <input semantic="INPUT" source="#mixamorig_Hips-Matrix-animation-input"/>
        <input semantic="OUTPUT" source="#mixamorig_Hips-Matrix-animation-output-transform"/>
        <input semantic="INTERPOLATION" source="#mixamorig_Hips-Interpolations"/>
      </sampler>
      <channel source="#mixamorig_Hips-Matrix-animation-transform" target="mixamorig_Hips/matrix"/>
    </animation>
    <animation id="mixamorig_Spine-anim" name="mixamorig_Spine">
      <source id="mixamorig_Spine-Matrix-animation-input">
        <float_array id="mixamorig_Spine-Matrix-animation-input-array" count="22">

0.000000 0.033333 0.066667 0.100000 0.133333 0.166667 0.200000 0.233333 0.266667 0.300000 0.333333 0.366667 0.400000 0.433333 0.466667 0.500000
0.533333 0.566667 0.600000 0.633333 0.666667 0.700000</float_array>
        <technique_common>
          <accessor source="#mixamorig_Spine-Matrix-animation-input-array" count="22">
            <param name="TIME" type="float"/>
          </accessor>
        </technique_common>
      </source>
      <source id="mixamorig_Spine-Matrix-animation-output-transform">
        <float_array id="mixamorig_Spine-Matrix-animation-output-transform-array" count="352">

0.998858 -0.044112 0.018328 0.012400 0.043941 0.998988 0.009622 10.445200 -0.018734 -0.008805 0.999786 -0.996300 0.000000 0.000000 0.000000 1.000000
0.998462 -0.036450 0.041770 0.012400 0.035750 0.999210 0.017378 10.445200 -0.042370 -0.015858 0.998976 -0.996300 0.000000 0.000000 0.000000 1.000000
0.997875 -0.022824 0.061030 0.012400 0.021280 0.999440 0.025827 10.445200 -0.061585 -0.024474 0.997802 -0.996300 0.000000 0.000000 0.000000 1.000000
0.997275 -0.005048 0.073606 0.012400 0.002431 0.999363 0.035613 10.445200 -0.073739 -0.035337 0.996651 -0.996300 0.000000 0.000000 0.000000 1.000000
0.996695 0.009799 0.080642 0.012400 -0.013338 0.998966 0.043467 10.445200 -0.080132 -0.044399 0.995795 -0.996300 0.000000 0.000000 0.000000 1.000000
0.996273 0.013456 0.085203 0.012400 -0.017190 0.998917 0.043246 10.445200 -0.084529 -0.044549 0.995425 -0.996300 0.000000 0.000000 0.000000 1.000000
0.996448 0.018201 0.082221 0.012400 -0.021291 0.999093 0.036863 10.445200 -0.081476 -0.038483 0.995932 -0.996300 0.000000 0.000000 0.000000 1.000000
0.996701 0.023367 0.077720 0.012400 -0.025566 0.999297 0.027423 10.445200 -0.077025 -0.029320 0.996598 -0.996300 0.000000 0.000000 0.000000 1.000000
0.997205 0.030265 0.068307 0.012400 -0.031477 0.999364 0.016731 10.445200 -0.067757 -0.018835 0.997524 -0.996300 0.000000 0.000000 0.000000 1.000000
0.998109 0.038914 0.047580 0.012400 -0.039290 0.999203 0.006998 10.445200 -0.047270 -0.008855 0.998843 -0.996300 0.000000 0.000000 0.000000 1.000000
0.998868 0.046315 0.010803 0.012400 -0.046329 0.998926 0.001061 10.445200 -0.010742 -0.001560 0.999941 -0.996300 0.000000 0.000000 0.000000 1.000000
0.999082 0.036334 -0.022710 0.012400 -0.036324 0.999340 0.000859 10.445200 0.022726 -0.000034 0.999742 -0.996300 0.000000 0.000000 0.000000 1.000000
0.998639 0.016615 -0.049435 0.012400 -0.016266 0.999840 0.007467 10.445200 0.049551 -0.006653 0.998749 -0.996300 0.000000 0.000000 0.000000 1.000000
0.997657 -0.007377 -0.068013 0.012400 0.008536 0.999823 0.016774 10.445200 0.067877 -0.017315 0.997543 -0.996300 0.000000 0.000000 0.000000 1.000000
0.996497 -0.027153 -0.079101 0.012400 0.029000 0.999331 0.022295 10.445200 0.078443 -0.024511 0.996617 -0.996300 0.000000 0.000000 0.000000 1.000000
0.995896 -0.033696 -0.083995 0.012400 0.035325 0.999214 0.017982 10.445200 0.083323 -0.020875 0.996304 -0.996300 0.000000 0.000000 0.000000 1.000000
0.996283 -0.036343 -0.078094 0.012400 0.037520 0.999203 0.013660 10.445200 0.077536 -0.016539 0.996852 -0.996300 0.000000 0.000000 0.000000 1.000000
0.996427 -0.039304 -0.074760 0.012400 0.040221 0.999132 0.010795 10.445200 0.074271 -0.013763 0.997143 -0.996300 0.000000 0.000000 0.000000 1.000000
0.996764 -0.041944 -0.068579 0.012400 0.042596 0.999060 0.008076 10.445200 0.068176 -0.010971 0.997613 -0.996300 0.000000 0.000000 0.000000 1.000000
0.997464 -0.047090 -0.053370 0.012400 0.047395 0.998866 0.004465 10.445200 0.053099 -0.006983 0.998565 -0.996300 0.000000 0.000000 0.000000 1.000000
0.997986 -0.057919 -0.025876 0.012400 0.057969 0.998318 0.001168 10.445200 0.025765 -0.002666 0.999664 -0.996300 0.000000 0.000000 0.000000 1.000000
0.998840 -0.047259 0.009282 0.012400 0.047187 0.998855 0.007826 10.445200 -0.009642 -0.007379 0.999926 -0.996300 0.000000 0.000000 0.000000 1.000000</float_array>
        <technique_common>
          <accessor source="#mixamorig_Spine-Matrix-animation-output-transform-array" count="22" stride="16">
            <param type="float4x4"/>
          </accessor>
        </technique_common>
      </source>
      <source id="mixamorig_Spine-Interpolations">
        <Name_array id="mixamorig_Spine-Interpolations-array" count="22">
 LINEAR LINEAR LINEAR LINEAR LINEAR LINEAR LINEAR LINEAR LINEAR LINEAR LINEAR
LINEAR LINEAR LINEAR LINEAR LINEAR LINEAR LINEAR LINEAR LINEAR LINEAR LINEAR</Name_array>
        <technique_common>
          <accessor source="#mixamorig_Spine-Interpolations-array" count="22">
            <param type="name"/>
          </accessor>
        </technique_common>
      </source>
      <sampler id="mixamorig_Spine-Matrix-animation-transform">
        <input semantic="INPUT" source="#mixamorig_Spine-Matrix-animation-input"/>
        <input semantic="OUTPUT" source="#mixamorig_Spine-Matrix-animation-output-transform"/>
        <input semantic="INTERPOLATION" source="#mixamorig_Spine-Interpolations"/>
      </sampler>
      <channel source="#mixamorig_Spine-Matrix-animation-transform" target="mixamorig_Spine/matrix"/>
    </animation>
    <animation id="mixamorig_Spine1-anim" name="mixamorig_Spine1">
      <source id="mixamorig_Spine1-Matrix-animation-input">
        <float_array id="mixamorig_Spine1-Matrix-animation-input-array" count="22">

0.000000 0.033333 0.066667 0.100000 0.133333 0.166667 0.200000 0.233333 0.266667 0.300000 0.333333 0.366667 0.400000 0.433333 0.466667 0.500000
0.533333 0.566667 0.600000 0.633333 0.666667 0.700000</float_array>
        <technique_common>
          <accessor source="#mixamorig_Spine1-Matrix-animation-input-array" count="22">
            <param name="TIME" type="float"/>
          </accessor>
        </technique_common>
      </source>
      <source id="mixamorig_Spine1-Matrix-animation-output-transform">
        <float_array id="mixamorig_Spine1-Matrix-animation-output-transform-array" count="352">

0.998355 -0.034527 0.045777 0.000000 0.041883 0.984388 -0.170956 12.174800 -0.039160 0.172592 0.984215 -0.000000 0.000000 0.000000 0.000000 1.000000
0.996020 -0.022090 0.086354 -0.000000 0.035434 0.987091 -0.156193 12.174800 -0.081789 0.158632 0.983944 -0.000000 0.000000 0.000000 0.000000 1.000000
0.992517 -0.007550 0.121877 0.000000 0.024643 0.989936 -0.139355 12.174800 -0.119598 0.141316 0.982714 0.000000 0.000000 0.000000 0.000000 1.000000
0.989159 0.007844 0.146639 0.000000 0.009785 0.992832 -0.119115 12.174800 -0.146522 0.119259 0.981992 0.000000 0.000000 0.000000 0.000000 1.000000
0.986837 0.019272 0.160569 0.000000 -0.002742 0.994726 -0.102533 12.174800 -0.161698 0.100743 0.981685 0.000000 0.000000 0.000000 0.000000 1.000000
0.985776 0.021125 0.166734 -0.000000 -0.003984 0.994728 -0.102475 12.174800 -0.168020 0.100353 0.980662 0.000000 0.000000 0.000000 0.000000 1.000000
0.987838 0.022689 0.153822 0.000000 -0.004958 0.993390 -0.114682 12.174800 -0.155407 0.112525 0.981421 0.000000 0.000000 0.000000 0.000000 1.000000
0.990271 0.026480 0.136609 0.000000 -0.008118 0.991049 -0.133251 12.174800 -0.138915 0.130846 0.981622 0.000000 0.000000 0.000000 0.000000 1.000000
0.993232 0.031627 0.111759 -0.000000 -0.014080 0.987902 -0.154437 12.174800 -0.115291 0.151819 0.981661 0.000000 0.000000 0.000000 0.000000 1.000000
0.996960 0.034326 0.069952 0.000000 -0.021690 0.984512 -0.173970 12.174800 -0.074840 0.171924 0.982263 -0.000000 0.000000 0.000000 0.000000 1.000000
0.999594 0.028212 0.003998 0.000000 -0.026968 0.982010 -0.186891 12.174800 -0.009199 0.186708 0.982372 0.000000 0.000000 0.000000 0.000000 1.000000
0.998627 0.004041 -0.052222 0.000000 -0.013858 0.981873 -0.189034 12.174800 0.050512 0.189498 0.980581 -0.000000 0.000000 0.000000 0.000000 1.000000
0.995119 -0.023358 -0.095874 0.000000 0.006032 0.984162 -0.177166 12.174800 0.098494 0.175723 0.979500 -0.000000 0.000000 0.000000 0.000000 1.000000
0.990486 -0.047986 -0.128979 -0.000000 0.027155 0.986960 -0.158659 12.174800 0.134910 0.153647 0.978873 0.000000 0.000000 0.000000 0.000000 1.000000
0.986149 -0.063486 -0.153231 0.000000 0.040826 0.988332 -0.146741 12.174800 0.160759 0.138452 0.977235 0.000000 0.000000 0.000000 0.000000 1.000000
0.983801 -0.064542 -0.167243 0.000000 0.038565 0.987293 -0.154157 12.174800 0.175067 0.145211 0.973789 0.000000 0.000000 0.000000 0.000000 1.000000
0.986062 -0.064182 -0.153499 0.000000 0.038910 0.985973 -0.162307 12.174800 0.161763 0.154072 0.974728 -0.000000 0.000000 0.000000 0.000000 1.000000
0.987961 -0.064727 -0.140515 0.000000 0.040684 0.985001 -0.167681 12.174800 0.149261 0.159945 0.975776 -0.000000 0.000000 0.000000 0.000000 1.000000
0.990603 -0.065101 -0.120278 0.000000 0.043668 0.983967 -0.172921 12.174800 0.129607 0.166044 0.977564 0.000000 0.000000 0.000000 0.000000 1.000000
0.994145 -0.066629 -0.085066 -0.000000 0.050435 0.982369 -0.180023 12.174800 0.095561 0.174679 0.979977 0.000000 0.000000 0.000000 0.000000 1.000000
0.997013 -0.069689 -0.033298 -0.000000 0.062303 0.980471 -0.186536 12.174800 0.045647 0.183904 0.981884 0.000000 0.000000 0.000000 0.000000 1.000000
0.998678 -0.042027 0.029611 0.000000 0.046557 0.983614 -0.174170 12.174800 -0.021807 0.175318 0.984270 -0.000000 0.000000 0.000000 0.000000 1.000000</float_array>
        <technique_common>
          <accessor source="#mixamorig_Spine1-Matrix-animation-output-transform-array" count="22" stride="16">
            <param type="float4x4"/>
          </accessor>
        </technique_common>
      </source>
      <source id="mixamorig_Spine1-Interpolations">
        <Name_array id="mixamorig_Spine1-Interpolations-array" count="22">
 LINEAR LINEAR LINEAR LINEAR LINEAR LINEAR LINEAR LINEAR LINEAR LINEAR LINEAR
LINEAR LINEAR LINEAR LINEAR LINEAR LINEAR LINEAR LINEAR LINEAR LINEAR LINEAR</Name_array>
        <technique_common>
          <accessor source="#mixamorig_Spine1-Interpolations-array" count="22">
            <param type="name"/>
          </accessor>
        </technique_common>
      </source>
      <sampler id="mixamorig_Spine1-Matrix-animation-transform">
        <input semantic="INPUT" source="#mixamorig_Spine1-Matrix-animation-input"/>
        <input semantic="OUTPUT" source="#mixamorig_Spine1-Matrix-animation-output-transform"/>
        <input semantic="INTERPOLATION" source="#mixamorig_Spine1-Interpolations"/>
      </sampler>
      <channel source="#mixamorig_Spine1-Matrix-animation-transform" target="mixamorig_Spine1/matrix"/>
    </animation>
    <animation id="mixamorig_Spine2-anim" name="mixamorig_Spine2">
      <source id="mixamorig_Spine2-Matrix-animation-input">
        <float_array id="mixamorig_Spine2-Matrix-animation-input-array" count="22">

0.000000 0.033333 0.066667 0.100000 0.133333 0.166667 0.200000 0.233333 0.266667 0.300000 0.333333 0.366667 0.400000 0.433333 0.466667 0.500000
0.533333 0.566667 0.600000 0.633333 0.666667 0.700000</float_array>
        <technique_common>
          <accessor source="#mixamorig_Spine2-Matrix-animation-input-array" count="22">
            <param name="TIME" type="float"/>
          </accessor>
        </technique_common>
      </source>
      <source id="mixamorig_Spine2-Matrix-animation-output-transform">
        <float_array id="mixamorig_Spine2-Matrix-animation-output-transform-array" count="352">

0.998355 -0.030016 0.048854 -0.000000 0.041883 0.963662 -0.263819 14.038200 -0.039160 0.265431 0.963334 0.000000 0.000000 0.000000 0.000000 1.000000
0.996020 -0.013775 0.088063 0.000000 0.035433 0.967759 -0.249373 14.038200 -0.081789 0.251500 0.964395 -0.000000 0.000000 0.000000 0.000000 1.000000
0.992517 0.004078 0.122042 0.000000 0.024641 0.972192 -0.232886 14.038200 -0.119598 0.234150 0.964816 0.000000 0.000000 0.000000 0.000000 1.000000
0.989159 0.021757 0.145228 -0.000000 0.009787 0.976998 -0.213023 14.038200 -0.146522 0.212135 0.966194 0.000000 0.000000 0.000000 0.000000 1.000000
0.986836 0.034458 0.158008 0.000000 -0.002742 0.980462 -0.196690 14.038200 -0.161698 0.193668 0.967650 -0.000000 0.000000 0.000000 0.000000 1.000000
0.985776 0.036890 0.163969 0.000000 -0.003984 0.980469 -0.196632 14.038200 -0.168020 0.193182 0.966670 -0.000000 0.000000 0.000000 0.000000 1.000000
0.987838 0.037218 0.150966 0.000000 -0.004958 0.977976 -0.208656 14.038200 -0.155407 0.205370 0.966267 0.000000 0.000000 0.000000 0.000000 1.000000
0.990271 0.039354 0.133471 0.000000 -0.008117 0.973879 -0.226923 14.038200 -0.138915 0.223631 0.964724 0.000000 0.000000 0.000000 0.000000 1.000000
0.993232 0.042115 0.108243 0.000000 -0.014079 0.968730 -0.247719 14.038200 -0.115291 0.244519 0.962766 -0.000000 0.000000 0.000000 0.000000 1.000000
0.996960 0.040825 0.066370 0.000000 -0.021693 0.963504 -0.266812 14.038200 -0.074840 0.264561 0.961460 0.000000 0.000000 0.000000 0.000000 1.000000
0.999594 0.028465 0.001296 0.000000 -0.026968 0.959780 -0.279456 14.038200 -0.009199 0.279307 0.960158 0.000000 0.000000 0.000000 0.000000 1.000000
0.998627 -0.000946 -0.052370 -0.000000 -0.013857 0.959441 -0.281568 14.038200 0.050512 0.281907 0.958111 0.000000 0.000000 0.000000 0.000000 1.000000
0.995119 -0.032373 -0.093218 0.000000 0.006032 0.962846 -0.269983 14.038200 0.098494 0.268103 0.958342 0.000000 0.000000 0.000000 0.000000 1.000000
0.990486 -0.060037 -0.123829 -0.000000 0.027154 0.967391 -0.251827 14.038200 0.134910 0.246069 0.959817 0.000000 0.000000 0.000000 0.000000 1.000000
0.986149 -0.077774 -0.146497 0.000000 0.040826 0.969892 -0.240088 14.038200 0.160759 0.230782 0.959633 0.000000 0.000000 0.000000 0.000000 1.000000
0.983801 -0.080158 -0.160345 0.000000 0.038565 0.968153 -0.247373 14.038200 0.175067 0.237182 0.955561 0.000000 0.000000 0.000000 0.000000 1.000000
0.986062 -0.078492 -0.146698 0.000000 0.038910 0.966063 -0.255359 14.038200 0.161763 0.246092 0.955652 0.000000 0.000000 0.000000 0.000000 1.000000
0.987961 -0.077799 -0.133721 0.000000 0.040683 0.964583 -0.260621 14.038200 0.149261 0.252044 0.956136 0.000000 0.000000 0.000000 0.000000 1.000000
0.990603 -0.076247 -0.113540 0.000000 0.043668 0.963056 -0.265738 14.038200 0.129607 0.258283 0.957336 0.000000 0.000000 0.000000 0.000000 1.000000
0.994145 -0.074420 -0.078342 0.000000 0.050437 0.960791 -0.272649 14.038200 0.095561 0.267101 0.958919 0.000000 0.000000 0.000000 0.000000 1.000000
0.997013 -0.072540 -0.026518 0.000000 0.062303 0.958281 -0.278955 14.038200 0.045647 0.276470 0.959938 -0.000000 0.000000 0.000000 0.000000 1.000000
0.998678 -0.039018 0.033472 -0.000000 0.046554 0.962598 -0.266903 14.038200 -0.021806 0.268109 0.963142 0.000000 0.000000 0.000000 0.000000 1.000000</float_array>
        <technique_common>
          <accessor source="#mixamorig_Spine2-Matrix-animation-output-transform-array" count="22" stride="16">
            <param type="float4x4"/>
          </accessor>
        </technique_common>
      </source>
      <source id="mixamorig_Spine2-Interpolations">
        <Name_array id="mixamorig_Spine2-Interpolations-array" count="22">
 LINEAR LINEAR LINEAR LINEAR LINEAR LINEAR LINEAR LINEAR LINEAR LINEAR LINEAR
LINEAR LINEAR LINEAR LINEAR LINEAR LINEAR LINEAR LINEAR LINEAR LINEAR LINEAR</Name_array>
        <technique_common>
          <accessor source="#mixamorig_Spine2-Interpolations-array" count="22">
            <param type="name"/>
          </accessor>
        </technique_common>
      </source>
      <sampler id="mixamorig_Spine2-Matrix-animation-transform">
        <input semantic="INPUT" source="#mixamorig_Spine2-Matrix-animation-input"/>
        <input semantic="OUTPUT" source="#mixamorig_Spine2-Matrix-animation-output-transform"/>
        <input semantic="INTERPOLATION" source="#mixamorig_Spine2-Interpolations"/>
      </sampler>
      <channel source="#mixamorig_Spine2-Matrix-animation-transform" target="mixamorig_Spine2/matrix"/>
    </animation>
    <animation id="mixamorig_Neck-anim" name="mixamorig_Neck">
      <source id="mixamorig_Neck-Matrix-animation-input">
        <float_array id="mixamorig_Neck-Matrix-animation-input-array" count="22">

0.000000 0.033333 0.066667 0.100000 0.133333 0.166667 0.200000 0.233333 0.266667 0.300000 0.333333 0.366667 0.400000 0.433333 0.466667 0.500000
0.533333 0.566667 0.600000 0.633333 0.666667 0.700000</float_array>
        <technique_common>
          <accessor source="#mixamorig_Neck-Matrix-animation-input-array" count="22">
            <param name="TIME" type="float"/>
          </accessor>
        </technique_common>
      </source>
      <source id="mixamorig_Neck-Matrix-animation-output-transform">
        <float_array id="mixamorig_Neck-Matrix-animation-output-transform-array" count="352">

0.998465 0.007577 -0.054863 0.049900 -0.000366 0.991478 0.130270 15.686700 0.055382 -0.130050 0.989959 -1.491600 0.000000 0.000000 0.000000 1.000000
0.996812 0.018711 -0.077561 0.049900 -0.009044 0.992345 0.123164 15.686700 0.079272 -0.122070 0.989351 -1.491600 0.000000 0.000000 0.000000 1.000000
0.994167 0.015126 -0.106788 0.049900 -0.003539 0.994159 0.107868 15.686700 0.107795 -0.106861 0.988413 -1.491600 0.000000 0.000000 0.000000 1.000000
0.991458 0.006843 -0.130244 0.049900 0.004413 0.996291 0.085938 15.686700 0.130349 -0.085779 0.987751 -1.491600 0.000000 0.000000 0.000000 1.000000
0.989929 -0.004511 -0.141493 0.049900 0.012805 0.998248 0.057760 15.686700 0.140985 -0.058990 0.988253 -1.491600 0.000000 0.000000 0.000000 1.000000
0.989659 -0.024404 -0.141346 0.049900 0.028152 0.999302 0.024575 15.686700 0.140647 -0.028300 0.989655 -1.491600 0.000000 0.000000 0.000000 1.000000
0.991446 -0.013531 -0.129817 0.049900 0.017161 0.999491 0.026883 15.686700 0.129388 -0.028881 0.991173 -1.491600 0.000000 0.000000 0.000000 1.000000
0.992566 -0.011248 -0.121189 0.049900 0.016943 0.998795 0.046063 15.686700 0.120525 -0.047774 0.991560 -1.491600 0.000000 0.000000 0.000000 1.000000
0.993769 -0.021265 -0.109410 0.049900 0.029422 0.996862 0.073488 15.686700 0.107504 -0.076250 0.991276 -1.491600 0.000000 0.000000 0.000000 1.000000
0.995884 -0.029860 -0.085581 0.049900 0.038339 0.994327 0.099213 15.686700 0.082133 -0.102086 0.991379 -1.491600 0.000000 0.000000 0.000000 1.000000
0.998894 -0.017222 -0.043750 0.049900 0.022089 0.993312 0.113324 15.686700 0.041505 -0.114165 0.992594 -1.491600 0.000000 0.000000 0.000000 1.000000
0.999506 -0.024443 -0.019762 0.049900 0.026908 0.990335 0.136059 15.686700 0.016245 -0.136523 0.990504 -1.491600 0.000000 0.000000 0.000000 1.000000
0.999760 -0.000401 0.021889 0.049900 -0.002680 0.990068 0.140563 15.686700 -0.021728 -0.140588 0.989830 -1.491600 0.000000 0.000000 0.000000 1.000000
0.998037 0.016354 0.060452 0.049900 -0.025333 0.988224 0.150901 15.686700 -0.057272 -0.152136 0.986699 -1.491600 0.000000 0.000000 0.000000 1.000000
0.996403 0.011701 0.083930 0.049900 -0.026136 0.984572 0.173020 15.686700 -0.080611 -0.174591 0.981336 -1.491600 0.000000 0.000000 0.000000 1.000000
0.995376 0.009650 0.095572 0.049900 -0.026998 0.982939 0.181937 15.686700 -0.092186 -0.183676 0.978655 -1.491600 0.000000 0.000000 0.000000 1.000000
0.995886 0.019247 0.088542 0.049900 -0.033283 0.986573 0.159895 15.686700 -0.084276 -0.162185 0.983155 -1.491600 0.000000 0.000000 0.000000 1.000000
0.996134 0.030716 0.082300 0.049900 -0.042558 0.988333 0.146243 15.686700 -0.076848 -0.149180 0.985819 -1.491600 0.000000 0.000000 0.000000 1.000000
0.996419 0.044292 0.072018 0.049900 -0.054616 0.987423 0.148369 15.686700 -0.064541 -0.151771 0.986306 -1.491600 0.000000 0.000000 0.000000 1.000000
0.997388 0.052756 0.049345 0.049900 -0.059969 0.985543 0.158460 15.686700 -0.040272 -0.161005 0.986132 -1.491600 0.000000 0.000000 0.000000 1.000000
0.999076 0.042334 0.007360 0.049900 -0.042965 0.986537 0.157791 15.686700 -0.000581 -0.157961 0.987445 -1.491600 0.000000 0.000000 0.000000 1.000000
0.998986 0.015192 -0.042387 0.049900 -0.009268 0.990582 0.136607 15.686700 0.044063 -0.136076 0.989718 -1.491600 0.000000 0.000000 0.000000 1.000000</float_array>
        <technique_common>
          <accessor source="#mixamorig_Neck-Matrix-animation-output-transform-array" count="22" stride="16">
            <param type="float4x4"/>
          </accessor>
        </technique_common>
      </source>
      <source id="mixamorig_Neck-Interpolations">
        <Name_array id="mixamorig_Neck-Interpolations-array" count="22">
 LINEAR LINEAR LINEAR LINEAR LINEAR LINEAR LINEAR LINEAR LINEAR LINEAR LINEAR
LINEAR LINEAR LINEAR LINEAR LINEAR LINEAR LINEAR LINEAR LINEAR LINEAR LINEAR</Name_array>
        <technique_common>
          <accessor source="#mixamorig_Neck-Interpolations-array" count="22">
            <param type="name"/>
          </accessor>
        </technique_common>
      </source>
      <sampler id="mixamorig_Neck-Matrix-animation-transform">
        <input semantic="INPUT" source="#mixamorig_Neck-Matrix-animation-input"/>
        <input semantic="OUTPUT" source="#mixamorig_Neck-Matrix-animation-output-transform"/>
        <input semantic="INTERPOLATION" source="#mixamorig_Neck-Interpolations"/>
      </sampler>
      <channel source="#mixamorig_Neck-Matrix-animation-transform" target="mixamorig_Neck/matrix"/>
    </animation>
    <animation id="mixamorig_Head-anim" name="mixamorig_Head">
      <source id="mixamorig_Head-Matrix-animation-input">
        <float_array id="mixamorig_Head-Matrix-animation-input-array" count="22">

0.000000 0.033333 0.066667 0.100000 0.133333 0.166667 0.200000 0.233333 0.266667 0.300000 0.333333 0.366667 0.400000 0.433333 0.466667 0.500000
0.533333 0.566667 0.600000 0.633333 0.666667 0.700000</float_array>
        <technique_common>
          <accessor source="#mixamorig_Head-Matrix-animation-input-array" count="22">
            <param name="TIME" type="float"/>
          </accessor>
        </technique_common>
      </source>
      <source id="mixamorig_Head-Matrix-animation-output-transform">
        <float_array id="mixamorig_Head-Matrix-animation-output-transform-array" count="352">

0.987594 0.090815 -0.128108 0.000000 -0.057729 0.968649 0.241632 7.013200 0.146036 -0.231239 0.961874 0.918400 0.000000 0.000000 0.000000 1.000000
0.975409 0.086181 -0.202856 -0.000000 -0.040728 0.975012 0.218388 7.013200 0.216608 -0.204756 0.954545 0.918400 0.000000 0.000000 0.000000 1.000000
0.957243 0.079579 -0.278126 0.000000 -0.030112 0.983607 0.177795 7.013200 0.287715 -0.161818 0.943946 0.918400 0.000000 0.000000 0.000000 1.000000
0.939586 0.062637 -0.336535 0.000000 -0.019129 0.991188 0.131076 7.013200 0.341779 -0.116720 0.932504 0.918400 0.000000 0.000000 0.000000 1.000000
0.932535 0.050266 -0.357564 0.000000 -0.014066 0.994568 0.103130 7.013200 0.360806 -0.091143 0.928177 0.918400 0.000000 0.000000 0.000000 1.000000
0.941251 0.064469 -0.331498 0.000000 -0.026895 0.992801 0.116714 7.013200 0.336636 -0.100942 0.936209 0.918400 0.000000 0.000000 0.000000 1.000000
0.944865 0.032796 -0.325814 0.000000 -0.000772 0.995193 0.097933 7.013200 0.327460 -0.092282 0.940348 0.918400 0.000000 0.000000 0.000000 1.000000
0.947319 -0.002759 -0.320281 0.000000 0.036048 0.994528 0.098055 7.013200 0.318258 -0.104435 0.942234 0.918400 0.000000 0.000000 0.000000 1.000000
0.955787 -0.028674 -0.292660 0.000000 0.072389 0.987551 0.139653 7.013200 0.285012 -0.154664 0.945964 0.918400 0.000000 0.000000 0.000000 1.000000
0.970394 -0.051611 -0.235947 -0.000000 0.102197 0.972881 0.207507 7.013200 0.218839 -0.225477 0.949352 0.918400 0.000000 0.000000 0.000000 1.000000
0.984158 -0.079527 -0.158455 -0.000000 0.118524 0.959798 0.254439 7.013200 0.131850 -0.269189 0.954019 0.918400 0.000000 0.000000 0.000000 1.000000
0.994794 -0.062017 -0.080865 0.000000 0.081075 0.962384 0.259313 7.013200 0.061742 -0.264519 0.962402 0.918400 0.000000 0.000000 0.000000 1.000000
0.998638 -0.051665 0.007329 0.000000 0.048461 0.970326 0.236896 7.013200 -0.019351 -0.236218 0.971507 0.918400 0.000000 0.000000 0.000000 1.000000
0.994700 -0.033328 0.097268 -0.000000 0.013945 0.980998 0.193518 7.013200 -0.101869 -0.191136 0.976263 0.918400 0.000000 0.000000 0.000000 1.000000
0.985357 -0.008411 0.170298 0.000000 -0.018808 0.987325 0.157590 7.013200 -0.169465 -0.158486 0.972710 0.918400 0.000000 0.000000 0.000000 1.000000
0.978163 -0.002308 0.207826 -0.000000 -0.034708 0.984082 0.174290 7.013200 -0.204920 -0.177697 0.962513 0.918400 0.000000 0.000000 0.000000 1.000000
0.979895 0.028268 0.197503 -0.000000 -0.067696 0.978294 0.195852 7.013200 -0.187679 -0.205285 0.960539 0.918400 0.000000 0.000000 0.000000 1.000000
0.982876 0.048291 0.177830 -0.000000 -0.084761 0.975377 0.203607 7.013200 -0.163619 -0.215193 0.962767 0.918400 0.000000 0.000000 0.000000 1.000000
0.989456 0.051103 0.135517 0.000000 -0.080514 0.971859 0.221375 7.013200 -0.120391 -0.229952 0.965727 0.918400 0.000000 0.000000 0.000000 1.000000
0.996453 0.051866 0.066265 0.000000 -0.066923 0.965830 0.250388 7.013200 -0.051015 -0.253935 0.965875 0.918400 0.000000 0.000000 0.000000 1.000000
0.997184 0.072817 -0.017921 0.000000 -0.065380 0.961252 0.267807 7.013200 0.036727 -0.265882 0.963306 0.918400 0.000000 0.000000 0.000000 1.000000
0.990476 0.087956 -0.105933 0.000000 -0.059368 0.966991 0.247798 7.013200 0.124231 -0.239148 0.963003 0.918400 0.000000 0.000000 0.000000 1.000000</float_array>
        <technique_common>
          <accessor source="#mixamorig_Head-Matrix-animation-output-transform-array" count="22" stride="16">
            <param type="float4x4"/>
          </accessor>
        </technique_common>
      </source>
      <source id="mixamorig_Head-Interpolations">
        <Name_array id="mixamorig_Head-Interpolations-array" count="22">
 LINEAR LINEAR LINEAR LINEAR LINEAR LINEAR LINEAR LINEAR LINEAR LINEAR LINEAR
LINEAR LINEAR LINEAR LINEAR LINEAR LINEAR LINEAR LINEAR LINEAR LINEAR LINEAR</Name_array>
        <technique_common>
          <accessor source="#mixamorig_Head-Interpolations-array" count="22">
            <param type="name"/>
          </accessor>
        </technique_common>
      </source>
      <sampler id="mixamorig_Head-Matrix-animation-transform">
        <input semantic="INPUT" source="#mixamorig_Head-Matrix-animation-input"/>
        <input semantic="OUTPUT" source="#mixamorig_Head-Matrix-animation-output-transform"/>
        <input semantic="INTERPOLATION" source="#mixamorig_Head-Interpolations"/>
      </sampler>
      <channel source="#mixamorig_Head-Matrix-animation-transform" target="mixamorig_Head/matrix"/>
    </animation>
    <animation id="mixamorig_LeftShoulder-anim" name="mixamorig_LeftShoulder">
      <source id="mixamorig_LeftShoulder-Matrix-animation-input">
        <float_array id="mixamorig_LeftShoulder-Matrix-animation-input-array" count="22">

0.000000 0.033333 0.066667 0.100000 0.133333 0.166667 0.200000 0.233333 0.266667 0.300000 0.333333 0.366667 0.400000 0.433333 0.466667 0.500000
0.533333 0.566667 0.600000 0.633333 0.666667 0.700000</float_array>
        <technique_common>
          <accessor source="#mixamorig_LeftShoulder-Matrix-animation-input-array" count="22">
            <param name="TIME" type="float"/>
          </accessor>
        </technique_common>
      </source>
      <source id="mixamorig_LeftShoulder-Matrix-animation-output-transform">
        <float_array id="mixamorig_LeftShoulder-Matrix-animation-output-transform-array" count="352">

0.019779 0.914170 -0.404847 6.264200 0.019713 -0.405204 -0.914014 12.592000 -0.999610 0.010097 -0.026036 -1.459300 0.000000 0.000000 0.000000 1.000000
0.004572 0.918168 -0.396166 6.264200 0.020751 -0.396171 -0.917942 12.592000 -0.999774 -0.004024 -0.020864 -1.459300 0.000000 0.000000 0.000000 1.000000
-0.012559 0.922760 -0.385170 6.264200 0.021607 -0.384860 -0.922722 12.592000 -0.999688 -0.019911 -0.015104 -1.459300 0.000000 0.000000 0.000000 1.000000
-0.029158 0.926955 -0.374038 6.264200 0.022023 -0.373510 -0.927365 12.592000 -0.999332 -0.035278 -0.009524 -1.459300 0.000000 0.000000 0.000000 1.000000
-0.041358 0.929488 -0.366527 6.264200 0.021989 -0.365906 -0.930392 12.592000 -0.998902 -0.046539 -0.005306 -1.459300 0.000000 0.000000 0.000000 1.000000
-0.044589 0.929125 -0.367068 6.264200 0.021744 -0.366444 -0.930186 12.592000 -0.998769 -0.049457 -0.003863 -1.459300 0.000000 0.000000 0.000000 1.000000
-0.033565 0.924561 -0.379553 6.264200 0.021549 -0.379010 -0.925142 12.592000 -0.999204 -0.039232 -0.007202 -1.459300 0.000000 0.000000 0.000000 1.000000
-0.009222 0.916800 -0.399240 6.264200 0.020709 -0.398996 -0.916719 12.592000 -0.999743 -0.016722 -0.015307 -1.459300 0.000000 0.000000 0.000000 1.000000
0.023739 0.908230 -0.417797 6.264200 0.018989 -0.418249 -0.908134 12.592000 -0.999538 0.013625 -0.027175 -1.459300 0.000000 0.000000 0.000000 1.000000
0.058706 0.901537 -0.428701 6.264200 0.016933 -0.430279 -0.902537 12.592000 -0.998132 0.045725 -0.040526 -1.459300 0.000000 0.000000 0.000000 1.000000
0.088195 0.898900 -0.429186 6.264200 0.015690 -0.432065 -0.901706 12.592000 -0.995980 0.072792 -0.052210 -1.459300 0.000000 0.000000 0.000000 1.000000
0.105610 0.899457 -0.424056 6.264200 0.015825 -0.427907 -0.903684 12.592000 -0.994282 0.088727 -0.059425 -1.459300 0.000000 0.000000 0.000000 1.000000
0.110104 0.900536 -0.420608 6.264200 0.016253 -0.424756 -0.905162 12.592000 -0.993787 0.092825 -0.061404 -1.459300 0.000000 0.000000 0.000000 1.000000
0.106472 0.900848 -0.420876 6.264200 0.016424 -0.424818 -0.905130 12.592000 -0.994180 0.089459 -0.060027 -1.459300 0.000000 0.000000 0.000000 1.000000
0.100823 0.899955 -0.424165 6.264200 0.016191 -0.427765 -0.903745 12.592000 -0.994773 0.084250 -0.057700 -1.459300 0.000000 0.000000 0.000000 1.000000
0.098751 0.898331 -0.428077 6.264200 0.015752 -0.431537 -0.901958 12.592000 -0.994988 0.082326 -0.056765 -1.459300 0.000000 0.000000 0.000000 1.000000
0.100786 0.896614 -0.431192 6.264200 0.015257 -0.434740 -0.900427 12.592000 -0.994791 0.084171 -0.057496 -1.459300 0.000000 0.000000 0.000000 1.000000
0.101591 0.895729 -0.432838 6.264200 0.015000 -0.436419 -0.899618 12.592000 -0.994713 0.084900 -0.057772 -1.459300 0.000000 0.000000 0.000000 1.000000
0.096623 0.896946 -0.431454 6.264200 0.015369 -0.434775 -0.900408 12.592000 -0.995202 0.080369 -0.055795 -1.459300 0.000000 0.000000 0.000000 1.000000
0.082789 0.900915 -0.426025 6.264200 0.016495 -0.428673 -0.903309 12.592000 -0.996431 0.067757 -0.050350 -1.459300 0.000000 0.000000 0.000000 1.000000
0.059037 0.907157 -0.416630 6.264200 0.018145 -0.418264 -0.908144 12.592000 -0.998091 0.046054 -0.041153 -1.459300 0.000000 0.000000 0.000000 1.000000
0.027811 0.912878 -0.407284 6.264200 0.019405 -0.407857 -0.912839 12.592000 -0.999425 0.017483 -0.029058 -1.459300 0.000000 0.000000 0.000000 1.000000</float_array>
        <technique_common>
          <accessor source="#mixamorig_LeftShoulder-Matrix-animation-output-transform-array" count="22" stride="16">
            <param type="float4x4"/>
          </accessor>
        </technique_common>
      </source>
      <source id="mixamorig_LeftShoulder-Interpolations">
        <Name_array id="mixamorig_LeftShoulder-Interpolations-array" count="22">
 LINEAR LINEAR LINEAR LINEAR LINEAR LINEAR LINEAR LINEAR LINEAR LINEAR LINEAR
LINEAR LINEAR LINEAR LINEAR LINEAR LINEAR LINEAR LINEAR LINEAR LINEAR LINEAR</Name_array>
        <technique_common>
          <accessor source="#mixamorig_LeftShoulder-Interpolations-array" count="22">
            <param type="name"/>
          </accessor>
        </technique_common>
      </source>
      <sampler id="mixamorig_LeftShoulder-Matrix-animation-transform">
        <input semantic="INPUT" source="#mixamorig_LeftShoulder-Matrix-animation-input"/>
        <input semantic="OUTPUT" source="#mixamorig_LeftShoulder-Matrix-animation-output-transform"/>
        <input semantic="INTERPOLATION" source="#mixamorig_LeftShoulder-Interpolations"/>
      </sampler>
      <channel source="#mixamorig_LeftShoulder-Matrix-animation-transform" target="mixamorig_LeftShoulder/matrix"/>
    </animation>
    <animation id="mixamorig_LeftArm-anim" name="mixamorig_LeftArm">
      <source id="mixamorig_LeftArm-Matrix-animation-input">
        <float_array id="mixamorig_LeftArm-Matrix-animation-input-array" count="22">

0.000000 0.033333 0.066667 0.100000 0.133333 0.166667 0.200000 0.233333 0.266667 0.300000 0.333333 0.366667 0.400000 0.433333 0.466667 0.500000
0.533333 0.566667 0.600000 0.633333 0.666667 0.700000</float_array>
        <technique_common>
          <accessor source="#mixamorig_LeftArm-Matrix-animation-input-array" count="22">
            <param name="TIME" type="float"/>
          </accessor>
        </technique_common>
      </source>
      <source id="mixamorig_LeftArm-Matrix-animation-output-transform">
        <float_array id="mixamorig_LeftArm-Matrix-animation-output-transform-array" count="352">

0.891630 0.438957 -0.110963 -0.000000 -0.358638 0.535137 -0.764858 13.827000 -0.276359 0.721766 0.634571 -0.000000 0.000000 0.000000 0.000000 1.000000
0.871109 0.480581 -0.101047 0.000000 -0.394270 0.561733 -0.727329 13.827000 -0.292779 0.673423 0.678809 0.000000 0.000000 0.000000 0.000000 1.000000
0.857389 0.510656 -0.064146 0.000000 -0.410470 0.603284 -0.683785 13.827000 -0.310481 0.612600 0.726858 0.000000 0.000000 0.000000 0.000000 1.000000
0.849092 0.528081 -0.013176 -0.000000 -0.413390 0.648740 -0.638941 13.827000 -0.328865 0.547966 0.769143 0.000000 0.000000 0.000000 0.000000 1.000000
0.845434 0.532960 0.034582 -0.000000 -0.408791 0.687416 -0.600290 13.827000 -0.343703 0.493369 0.799034 0.000000 0.000000 0.000000 0.000000 1.000000
0.850052 0.522790 0.064048 0.000000 -0.397031 0.715927 -0.574296 13.827000 -0.346090 0.462752 0.816139 -0.000000 0.000000 0.000000 0.000000 1.000000
0.876659 0.476534 0.066215 0.000000 -0.362911 0.745341 -0.559252 13.827000 -0.315855 0.466243 0.826349 0.000000 0.000000 0.000000 0.000000 1.000000
0.924357 0.378983 0.043998 -0.000000 -0.293110 0.779224 -0.553982 13.827000 -0.244234 0.499181 0.831365 0.000000 0.000000 0.000000 0.000000 1.000000
0.970719 0.240109 0.007198 0.000000 -0.193240 0.798338 -0.570363 13.827000 -0.142696 0.552271 0.821361 -0.000000 0.000000 0.000000 0.000000 1.000000
