<?xml version="1.0" encoding="utf-8"?>
<COLLADA xmlns="http://www.collada.org/2005/11/COLLADASchema" version="1.4.1">
  <asset>
    <contributor>
      <author>Mixamo</author>
      <authoring_tool>COLLADA Mixamo exporter</authoring_tool>
      <comments/>
    </contributor>
    <created>2024-05-14T09:23:42Z</created>
    <modified>2024-05-14T09:23:42Z</modified>
    <revision/>
    <title/>
    <unit meter="0.010000"/>
    <up_axis>Y_UP</up_axis>
  </asset>
  <library_animations>
    <animation id="mixamorig_Hips-anim" name="mixamorig_Hips">
      <source id="mixamorig_Hips-Matrix-animation-input">
        <float_array id="mixamorig_Hips-Matrix-animation-input-array" count="31">

0.000000 0.033333 0.066667 0.100000 0.133333 0.166667 0.200000 0.233333 0.266667 0.300000 0.333333 0.366667 0.400000 0.433333 0.466667 0.500000
0.533333 0.566667 0.600000 0.633333 0.666667 0.700000 0.733333 0.766667 0.800000 0.833333 0.866667 0.900000 0.933333 0.966667 1.000000</float_array>
        <technique_common>
          <accessor source="#mixamorig_Hips-Matrix-animation-input-array" count="31">
            <param name="TIME" type="float"/>
          </accessor>
        </technique_common>
      </source>
      <source id="mixamorig_Hips-Matrix-animation-output-transform">
        <float_array id="mixamorig_Hips-Matrix-animation-output-transform-array" count="496">

0.997716 0.047034 0.048489 -0.056361 -0.046218 0.998773 -0.017813 94.802849 -0.049267 0.015531 0.998665 0.501553 0.000000 0.000000 0.000000 1.000000
0.998742 0.044461 0.023202 -0.204220 -0.044057 0.998873 -0.017636 95.565529 -0.023960 0.016592 0.999575 0.353461 0.000000 0.000000 0.000000 1.000000
0.999038 0.043771 0.002588 -0.302370 -0.043727 0.998929 -0.015155 95.809753 -0.003249 0.015028 0.999882 0.181786 0.000000 0.000000 0.000000 1.000000
0.999040 0.042095 -0.012132 -0.362335 -0.042239 0.999037 -0.011902 95.566895 0.011619 0.012404 0.999856 -0.070405 0.000000 0.000000 0.000000 1.000000
0.999003 0.038189 -0.023119 -0.380462 -0.038433 0.999209 -0.010203 94.962646 0.022711 0.011082 0.999681 -0.429318 0.000000 0.000000 0.000000 1.000000
0.998829 0.033516 -0.034886 -0.328142 -0.033944 0.999355 -0.011733 94.122704 0.034471 0.012903 0.999322 -0.853635 0.000000 0.000000 0.000000 1.000000
0.998255 0.032095 -0.049567 -0.171259 -0.032797 0.999372 -0.013422 93.095360 0.049105 0.015024 0.998681 -1.100325 0.000000 0.000000 0.000000 1.000000
0.997519 0.031328 -0.063040 0.167519 -0.032180 0.999404 -0.012533 91.693497 0.062610 0.014530 0.997932 -0.645873 0.000000 0.000000 0.000000 1.000000
0.996988 0.027354 -0.072577 0.631897 -0.028372 0.999512 -0.013037 90.394844 0.072185 0.015057 0.997278 0.212292 0.000000 0.000000 0.000000 1.000000
0.996920 0.018162 -0.076293 1.153094 -0.019575 0.999650 -0.017815 89.503197 0.075943 0.019253 0.996926 1.056553 0.000000 0.000000 0.000000 1.000000
0.997295 0.004839 -0.073341 1.671052 -0.006781 0.999632 -0.026248 89.065643 0.073187 0.026674 0.996961 1.510725 0.000000 0.000000 0.000000 1.000000
0.997863 -0.006494 -0.065013 2.120201 0.004645 0.999582 -0.028545 89.225266 0.065171 0.028182 0.997476 1.403563 0.000000 0.000000 0.000000 1.000000
0.998332 -0.010597 -0.056757 2.587812 0.009261 0.999675 -0.023753 90.446754 0.056991 0.023188 0.998105 1.220972 0.000000 0.000000 0.000000 1.000000
0.998902 -0.007172 -0.046292 2.948871 0.006374 0.999829 -0.017351 92.185089 0.046409 0.017037 0.998777 1.047894 0.000000 0.000000 0.000000 1.000000
0.999605 0.001130 -0.028087 3.181013 -0.001532 0.999897 -0.014291 93.936958 0.028068 0.014329 0.999503 0.912540 0.000000 0.000000 0.000000 1.000000
0.999952 0.009247 0.003220 3.375112 -0.009190 0.999809 -0.017255 95.387299 -0.003379 0.017225 0.999846 0.797618 0.000000 0.000000 0.000000 1.000000
0.999181 0.008891 0.039470 3.487497 -0.007943 0.999678 -0.024103 96.142540 -0.039671 0.023770 0.998930 0.372571 0.000000 0.000000 0.000000 1.000000
0.997733 0.001334 0.067277 3.545936 0.000673 0.999556 -0.029796 96.173744 -0.067287 0.029773 0.997289 -0.020458 0.000000 0.000000 0.000000 1.000000
0.996370 -0.007538 0.084795 3.598688 0.010315 0.999423 -0.032353 95.579453 -0.084502 0.033110 0.995873 -0.333518 0.000000 0.000000 0.000000 1.000000
0.995324 -0.013718 0.095615 3.640963 0.016888 0.999332 -0.032424 94.546417 -0.095106 0.033887 0.994890 -0.618008 0.000000 0.000000 0.000000 1.000000
0.994149 -0.016406 0.106769 3.615506 0.019950 0.999282 -0.032217 93.292953 -0.106164 0.034158 0.993762 -0.948458 0.000000 0.000000 0.000000 1.000000
0.992253 -0.019061 0.122766 3.504393 0.023348 0.999163 -0.033584 91.799484 -0.122023 0.036190 0.991867 -1.118524 0.000000 0.000000 0.000000 1.000000
0.990145 -0.018999 0.138752 3.155706 0.024343 0.999022 -0.036919 90.437492 -0.137915 0.039933 0.989639 -0.754052 0.000000 0.000000 0.000000 1.000000
0.989018 -0.010710 0.147408 2.645829 0.017248 0.998920 -0.043149 89.493553 -0.146787 0.045218 0.988134 -0.152571 0.000000 0.000000 0.000000 1.000000
0.989339 0.007600 0.145430 2.086634 -0.000117 0.998678 -0.051396 89.076363 -0.145628 0.050831 0.988033 0.288169 0.000000 0.000000 0.000000 1.000000
0.990293 0.032556 0.135131 1.565784 -0.024879 0.998000 -0.058116 89.137413 -0.136753 0.054190 0.989122 0.256122 0.000000 0.000000 0.000000 1.000000
0.990541 0.053352 0.126423 0.953200 -0.046603 0.997356 -0.055758 89.745193 -0.129064 0.049339 0.990408 -0.000668 0.000000 0.000000 0.000000 1.000000
0.990981 0.062620 0.118470 0.541656 -0.057643 0.997323 -0.044982 90.982819 -0.120970 0.037748 0.991938 -0.011901 0.000000 0.000000 0.000000 1.000000
0.992641 0.061049 0.104576 0.274885 -0.057995 0.997804 -0.031997 92.442200 -0.106299 0.025697 0.994002 0.186121 0.000000 0.000000 0.000000 1.000000
0.995286 0.053637 0.080803 0.086358 -0.052004 0.998401 -0.022179 93.768517 -0.081864 0.017872 0.996483 0.420196 0.000000 0.000000 0.000000 1.000000
0.997716 0.047034 0.048489 -0.056361 -0.046218 0.998773 -0.017813 94.802856 -0.049267 0.015531 0.998665 0.501553 0.000000 0.000000 0.000000 1.000000</float_array>
        <technique_common>
          <accessor source="#mixamorig_Hips-Matrix-animation-output-transform-array" count="31" stride="16">
            <param type="float4x4"/>
          </accessor>
        </technique_common>
      </source>
      <source id="mixamorig_Hips-Interpolations">
        <Name_array id="mixamorig_Hips-Interpolations-array" count="31">
 LINEAR LINEAR LINEAR LINEAR LINEAR LINEAR LINEAR LINEAR LINEAR LINEAR LINEAR
LINEAR LINEAR LINEAR LINEAR LINEAR LINEAR LINEAR LINEAR LINEAR LINEAR LINEAR LINEAR
LINEAR LINEAR LINEAR LINEAR LINEAR LINEAR LINEAR LINEAR</Name_array>
        <technique_common>
          <accessor source="#mixamorig_Hips-Interpolations-array" count="31">
            <param type="name"/>
          </accessor>
        </technique_common>
      </source>
      <sampler id="mixamorig_Hips-Matrix-animation-transform">
        <input semantic="INPUT" source="#mixamorig_Hips-Matrix-animation-input"/>
        <input semantic="OUTPUT" source="#mixamorig_Hips-Matrix-animation-output-transform"/>
        <input semantic="INTERPOLATION" source="#mixamorig_Hips-Interpolations"/>
      </sampler>
      <channel source="#mixamorig_Hips-Matrix-animation-transform" target="mixamorig_Hips/matrix"/>
    </animation>
    <animation id="mixamorig_Spine-anim" name="mixamorig_Spine">
      <source id="mixamorig_Spine-Matrix-animation-input">
        <float_array id="mixamorig_Spine-Matrix-animation-input-array" count="31">

0.000000 0.033333 0.066667 0.100000 0.133333 0.166667 0.200000 0.233333 0.266667 0.300000 0.333333 0.366667 0.400000 0.433333 0.466667 0.500000
0.533333 0.566667 0.600000 0.633333 0.666667 0.700000 0.733333 0.766667 0.800000 0.833333 0.866667 0.900000 0.933333 0.966667 1.000000</float_array>
        <technique_common>
          <accessor source="#mixamorig_Spine-Matrix-animation-input-array" count="31">
            <param name="TIME" type="float"/>
          </accessor>
        </technique_common>
      </source>
      <source id="mixamorig_Spine-Matrix-animation-output-transform">
        <float_array id="mixamorig_Spine-Matrix-animation-output-transform-array" count="496">

0.999679 -0.025225 0.002294 0.012400 0.024908 0.995462 0.091845 10.445200 -0.004600 -0.091758 0.995771 -0.996300 0.000000 0.000000 0.000000 1.000000
0.999758 -0.019600 0.010028 0.012400 0.018604 0.995649 0.091306 10.445200 -0.011774 -0.091098 0.995772 -0.996300 0.000000 0.000000 0.000000 1.000000
0.999763 -0.014382 0.016339 0.012400 0.012854 0.995853 0.090067 10.445200 -0.017567 -0.089835 0.995802 -0.996300 0.000000 0.000000 0.000000 1.000000
0.999734 -0.009283 0.021119 0.012400 0.007379 0.996050 0.088491 10.445200 -0.021857 -0.088312 0.995853 -0.996300 0.000000 0.000000 0.000000 1.000000
0.999679 -0.004228 0.024978 0.012400 0.002033 0.996183 0.087262 10.445200 -0.025251 -0.087183 0.995872 -0.996300 0.000000 0.000000 0.000000 1.000000
0.999580 0.000404 0.028971 0.012400 -0.002925 0.996201 0.087031 10.445200 -0.028826 -0.087079 0.995784 -0.996300 0.000000 0.000000 0.000000 1.000000
0.999425 0.002985 0.033761 0.012400 -0.005914 0.996191 0.086996 10.445200 -0.033373 -0.087146 0.995636 -0.996300 0.000000 0.000000 0.000000 1.000000
0.999252 0.004691 0.038381 0.012400 -0.008037 0.996133 0.087495 10.445200 -0.037822 -0.087738 0.995425 -0.996300 0.000000 0.000000 0.000000 1.000000
0.999102 0.006671 0.041834 0.012400 -0.010402 0.995922 0.089612 10.445200 -0.041066 -0.089966 0.995098 -0.996300 0.000000 0.000000 0.000000 1.000000
0.999005 0.010200 0.043426 0.012400 -0.014238 0.995498 0.093710 10.445200 -0.042275 -0.094235 0.994652 -0.996300 0.000000 0.000000 0.000000 1.000000
0.998953 0.016103 0.042821 0.012400 -0.020271 0.994905 0.098756 10.445200 -0.041012 -0.099521 0.994190 -0.996300 0.000000 0.000000 0.000000 1.000000
0.998992 0.021255 0.039537 0.012400 -0.025086 0.994766 0.099056 10.445200 -0.037224 -0.099948 0.994296 -0.996300 0.000000 0.000000 0.000000 1.000000
0.999109 0.024428 0.034404 0.012400 -0.027657 0.994925 0.096744 10.445200 -0.031866 -0.097610 0.994714 -0.996300 0.000000 0.000000 0.000000 1.000000
0.999304 0.025169 0.027548 0.012400 -0.027663 0.995163 0.094258 10.445200 -0.025043 -0.094955 0.995167 -0.996300 0.000000 0.000000 0.000000 1.000000
0.999549 0.023430 0.018761 0.012400 -0.025076 0.995356 0.092941 10.445200 -0.016496 -0.093369 0.995495 -0.996300 0.000000 0.000000 0.000000 1.000000
0.999774 0.019739 0.007926 0.012400 -0.020389 0.995485 0.092699 10.445200 -0.006061 -0.092840 0.995663 -0.996300 0.000000 0.000000 0.000000 1.000000
0.999849 0.017224 -0.002475 0.012400 -0.016923 0.995591 0.092256 10.445200 0.004053 -0.092201 0.995732 -0.996300 0.000000 0.000000 0.000000 1.000000
0.999836 0.015219 -0.009799 0.012400 -0.014258 0.995690 0.091640 10.445200 0.011151 -0.091485 0.995744 -0.996300 0.000000 0.000000 0.000000 1.000000
0.999825 0.011965 -0.014379 0.012400 -0.010617 0.995849 0.090400 10.445200 0.015401 -0.090232 0.995802 -0.996300 0.000000 0.000000 0.000000 1.000000
0.999821 0.007194 -0.017506 0.012400 -0.005614 0.996044 0.088689 10.445200 0.018075 -0.088575 0.995906 -0.996300 0.000000 0.000000 0.000000 1.000000
0.999780 0.002388 -0.020856 0.012400 -0.000559 0.996182 0.087293 10.445200 0.020985 -0.087262 0.995964 -0.996300 0.000000 0.000000 0.000000 1.000000
0.999677 -0.000524 -0.025413 0.012400 0.002725 0.996235 0.086648 10.445200 0.025272 -0.086689 0.995915 -0.996300 0.000000 0.000000 0.000000 1.000000
0.999559 -0.001017 -0.029677 0.012400 0.003630 0.996102 0.088132 10.445200 0.029472 -0.088201 0.995667 -0.996300 0.000000 0.000000 0.000000 1.000000
0.999484 -0.002502 -0.032016 0.012400 0.005446 0.995726 0.092196 10.445200 0.031649 -0.092322 0.995226 -0.996300 0.000000 0.000000 0.000000 1.000000
0.999460 -0.007599 -0.031953 0.012400 0.010679 0.995194 0.097335 10.445200 0.031060 -0.097624 0.994739 -0.996300 0.000000 0.000000 0.000000 1.000000
0.999403 -0.016787 -0.030198 0.012400 0.019745 0.994743 0.100484 10.445200 0.028352 -0.101020 0.994480 -0.996300 0.000000 0.000000 0.000000 1.000000
0.999293 -0.025579 -0.027551 0.012400 0.028199 0.994651 0.099369 10.445200 0.024861 -0.100075 0.994669 -0.996300 0.000000 0.000000 0.000000 1.000000
0.999245 -0.030995 -0.023413 0.012400 0.033122 0.994760 0.096723 10.445200 0.020292 -0.097426 0.995036 -0.996300 0.000000 0.000000 0.000000 1.000000
0.999358 -0.031627 -0.016818 0.012400 0.033074 0.995008 0.094151 10.445200 0.013757 -0.094646 0.995416 -0.996300 0.000000 0.000000 0.000000 1.000000
0.999558 -0.028658 -0.007857 0.012400 0.029262 0.995283 0.092499 10.445200 0.005169 -0.092688 0.995682 -0.996300 0.000000 0.000000 0.000000 1.000000
0.999679 -0.025225 0.002294 0.012400 0.024908 0.995462 0.091845 10.445200 -0.004600 -0.091758 0.995771 -0.996300 0.000000 0.000000 0.000000 1.000000</float_array>
        <technique_common>
          <accessor source="#mixamorig_Spine-Matrix-animation-output-transform-array" count="31" stride="16">
            <param type="float4x4"/>
          </accessor>
        </technique_common>
      </source>
      <source id="mixamorig_Spine-Interpolations">
        <Name_array id="mixamorig_Spine-Interpolations-array" count="31">
 LINEAR LINEAR LINEAR LINEAR LINEAR LINEAR LINEAR LINEAR LINEAR LINEAR LINEAR
LINEAR LINEAR LINEAR LINEAR LINEAR LINEAR LINEAR LINEAR LINEAR LINEAR LINEAR LINEAR
LINEAR LINEAR LINEAR LINEAR LINEAR LINEAR LINEAR LINEAR</Name_array>
        <technique_common>
          <accessor source="#mixamorig_Spine-Interpolations-array" count="31">
            <param type="name"/>
          </accessor>
        </technique_common>
      </source>
      <sampler id="mixamorig_Spine-Matrix-animation-transform">
        <input semantic="INPUT" source="#mixamorig_Spine-Matrix-animation-input"/>
        <input semantic="OUTPUT" source="#mixamorig_Spine-Matrix-animation-output-transform"/>
        <input semantic="INTERPOLATION" source="#mixamorig_Spine-Interpolations"/>
      </sampler>
      <channel source="#mixamorig_Spine-Matrix-animation-transform" target="mixamorig_Spine/matrix"/>
    </animation>
    <animation id="mixamorig_Spine1-anim" name="mixamorig_Spine1">
      <source id="mixamorig_Spine1-Matrix-animation-input">
        <float_array id="mixamorig_Spine1-Matrix-animation-input-array" count="31">

0.000000 0.033333 0.066667 0.100000 0.133333 0.166667 0.200000 0.233333 0.266667 0.300000 0.333333 0.366667 0.400000 0.433333 0.466667 0.500000
0.533333 0.566667 0.600000 0.633333 0.666667 0.700000 0.733333 0.766667 0.800000 0.833333 0.866667 0.900000 0.933333 0.966667 1.000000</float_array>
        <technique_common>
          <accessor source="#mixamorig_Spine1-Matrix-animation-input-array" count="31">
            <param name="TIME" type="float"/>
          </accessor>
        </technique_common>
      </source>
      <source id="mixamorig_Spine1-Matrix-animation-output-transform">
        <float_array id="mixamorig_Spine1-Matrix-animation-output-transform-array" count="496">

0.999889 -0.009782 0.011205 0.000000 0.009858 0.999929 -0.006716 12.174800 -0.011138 0.006826 0.999915 -0.000000 0.000000 0.000000 0.000000 1.000000
0.999716 -0.004637 0.023381 0.000000 0.004825 0.999956 -0.008003 12.174800 -0.023343 0.008114 0.999695 0.000000 0.000000 0.000000 0.000000 1.000000
0.999436 -0.002448 0.033492 0.000000 0.002802 0.999940 -0.010543 12.174800 -0.033464 0.010631 0.999383 -0.000000 0.000000 0.000000 0.000000 1.000000
0.999137 -0.001074 0.041523 -0.000000 0.001641 0.999906 -0.013625 12.174800 -0.041504 0.013681 0.999045 0.000000 0.000000 0.000000 0.000000 1.000000
0.998813 0.001183 0.048689 0.000000 -0.000406 0.999872 -0.015965 12.174800 -0.048701 0.015927 0.998686 -0.000000 0.000000 0.000000 0.000000 1.000000
0.998370 0.004624 0.056891 0.000000 -0.003701 0.999860 -0.016327 12.174800 -0.056959 0.016089 0.998247 0.000000 0.000000 0.000000 0.000000 1.000000
0.997745 0.008163 0.066619 0.000000 -0.007085 0.999840 -0.016395 12.174800 -0.066742 0.015886 0.997644 -0.000000 0.000000 0.000000 0.000000 1.000000
0.997084 0.011035 0.075514 0.000000 -0.009898 0.999832 -0.015418 12.174800 -0.075671 0.014626 0.997026 -0.000000 0.000000 0.000000 0.000000 1.000000
0.996573 0.013805 0.081552 0.000000 -0.012935 0.999854 -0.011176 12.174800 -0.081694 0.010083 0.996606 0.000000 0.000000 0.000000 0.000000 1.000000
0.996377 0.017974 0.083123 -0.000000 -0.017792 0.999837 -0.002927 12.174800 -0.083162 0.001438 0.996535 0.000000 0.000000 0.000000 0.000000 1.000000
0.996546 0.024795 0.079259 0.000000 -0.025450 0.999650 0.007271 12.174800 -0.079051 -0.009263 0.996828 0.000000 0.000000 0.000000 0.000000 1.000000
0.997194 0.027362 0.069675 0.000000 -0.027995 0.999575 0.008122 12.174800 -0.069423 -0.010050 0.997537 0.000000 0.000000 0.000000 0.000000 1.000000
0.998002 0.025675 0.057734 -0.000000 -0.025933 0.999657 0.003733 12.174800 -0.057618 -0.005223 0.998325 -0.000000 0.000000 0.000000 0.000000 1.000000
0.998811 0.020621 0.044164 -0.000000 -0.020591 0.999787 -0.001149 12.174800 -0.044179 0.000238 0.999024 0.000000 0.000000 0.000000 0.000000 1.000000
0.999497 0.013991 0.028454 -0.000000 -0.013885 0.999896 -0.003904 12.174800 -0.028505 0.003507 0.999587 0.000000 0.000000 0.000000 0.000000 1.000000
0.999918 0.008235 0.009847 -0.000000 -0.008189 0.999956 -0.004681 12.174800 -0.009885 0.004600 0.999941 0.000000 0.000000 0.000000 0.000000 1.000000
0.999942 0.007291 -0.007871 -0.000000 -0.007337 0.999956 -0.005831 12.174800 0.007828 0.005888 0.999952 0.000000 0.000000 0.000000 0.000000 1.000000
0.999753 0.009204 -0.020241 0.000000 -0.009350 0.999931 -0.007154 12.174800 0.020174 0.007341 0.999770 0.000000 0.000000 0.000000 0.000000 1.000000
0.999555 0.009995 -0.028098 0.000000 -0.010268 0.999901 -0.009592 12.174800 0.028000 0.009876 0.999559 0.000000 0.000000 0.000000 0.000000 1.000000
0.999388 0.008515 -0.033929 0.000000 -0.008958 0.999876 -0.012917 12.174800 0.033815 0.013213 0.999341 0.000000 0.000000 0.000000 0.000000 1.000000
0.999148 0.006502 -0.040761 0.000000 -0.007142 0.999853 -0.015571 12.174800 0.040654 0.015849 0.999048 0.000000 0.000000 0.000000 0.000000 1.000000
0.998758 0.003039 -0.049731 -0.000000 -0.003878 0.999851 -0.016802 12.174800 0.049673 0.016974 0.998621 0.000000 0.000000 0.000000 0.000000 1.000000
0.998330 -0.000289 -0.057774 0.000000 -0.000514 0.999903 -0.013891 12.174800 0.057773 0.013898 0.998233 0.000000 0.000000 0.000000 0.000000 1.000000
0.998103 -0.004099 -0.061428 0.000000 0.003749 0.999976 -0.005807 12.174800 0.061450 0.005566 0.998095 -0.000000 0.000000 0.000000 0.000000 1.000000
0.998202 -0.009783 -0.059136 0.000000 0.010070 0.999939 0.004554 12.174800 0.059088 -0.005142 0.998240 0.000000 0.000000 0.000000 0.000000 1.000000
0.998495 -0.018233 -0.051721 0.000000 0.018828 0.999762 0.011045 12.174800 0.051507 -0.012002 0.998601 0.000000 0.000000 0.000000 0.000000 1.000000
0.998799 -0.023780 -0.042847 -0.000000 0.024188 0.999667 0.009016 12.174800 0.042619 -0.010041 0.999041 -0.000000 0.000000 0.000000 0.000000 1.000000
0.999142 -0.024749 -0.033201 -0.000000 0.024890 0.999683 0.003815 12.174800 0.033096 -0.004638 0.999441 0.000000 0.000000 0.000000 0.000000 1.000000
0.999544 -0.021583 -0.021111 0.000000 0.021557 0.999767 -0.001461 12.174800 0.021137 0.001006 0.999776 0.000000 0.000000 0.000000 0.000000 1.000000
0.999856 -0.015881 -0.005978 -0.000000 0.015851 0.999862 -0.005060 12.174800 0.006057 0.004964 0.999969 -0.000000 0.000000 0.000000 0.000000 1.000000
0.999889 -0.009782 0.011205 -0.000000 0.009858 0.999929 -0.006716 12.174800 -0.011138 0.006826 0.999915 0.000000 0.000000 0.000000 0.000000 1.000000</float_array>
        <technique_common>
          <accessor source="#mixamorig_Spine1-Matrix-animation-output-transform-array" count="31" stride="16">
            <param type="float4x4"/>
          </accessor>
        </technique_common>
      </source>
      <source id="mixamorig_Spine1-Interpolations">
        <Name_array id="mixamorig_Spine1-Interpolations-array" count="31">
 LINEAR LINEAR LINEAR LINEAR LINEAR LINEAR LINEAR LINEAR LINEAR LINEAR LINEAR
LINEAR LINEAR LINEAR LINEAR LINEAR LINEAR LINEAR LINEAR LINEAR LINEAR LINEAR LINEAR
LINEAR LINEAR LINEAR LINEAR LINEAR LINEAR LINEAR LINEAR</Name_array>
        <technique_common>
          <accessor source="#mixamorig_Spine1-Interpolations-array" count="31">
            <param type="name"/>
          </accessor>
        </technique_common>
      </source>
      <sampler id="mixamorig_Spine1-Matrix-animation-transform">
        <input semantic="INPUT" source="#mixamorig_Spine1-Matrix-animation-input"/>
        <input semantic="OUTPUT" source="#mixamorig_Spine1-Matrix-animation-output-transform"/>
        <input semantic="INTERPOLATION" source="#mixamorig_Spine1-Interpolations"/>
      </sampler>
      <channel source="#mixamorig_Spine1-Matrix-animation-transform" target="mixamorig_Spine1/matrix"/>
    </animation>
    <animation id="mixamorig_Spine2-anim" name="mixamorig_Spine2">
      <source id="mixamorig_Spine2-Matrix-animation-input">
        <float_array id="mixamorig_Spine2-Matrix-animation-input-array" count="31">

0.000000 0.033333 0.066667 0.100000 0.133333 0.166667 0.200000 0.233333 0.266667 0.300000 0.333333 0.366667 0.400000 0.433333 0.466667 0.500000
0.533333 0.566667 0.600000 0.633333 0.666667 0.700000 0.733333 0.766667 0.800000 0.833333 0.866667 0.900000 0.933333 0.966667 1.000000</float_array>
        <technique_common>
          <accessor source="#mixamorig_Spine2-Matrix-animation-input-array" count="31">
            <param name="TIME" type="float"/>
          </accessor>
        </technique_common>
      </source>
      <source id="mixamorig_Spine2-Matrix-animation-output-transform">
        <float_array id="mixamorig_Spine2-Matrix-animation-output-transform-array" count="496">

0.999889 -0.008672 0.012085 -0.000000 0.009858 0.994756 -0.101802 14.038200 -0.011138 0.101910 0.994731 0.000000 0.000000 0.000000 0.000000 1.000000
0.999716 -0.002392 0.023716 0.000000 0.004825 0.994661 -0.103085 14.038200 -0.023343 0.103171 0.994390 -0.000000 0.000000 0.000000 0.000000 1.000000
0.999436 0.000749 0.033573 0.000000 0.002802 0.994403 -0.105612 14.038200 -0.033464 0.105647 0.993840 -0.000000 0.000000 0.000000 0.000000 1.000000
0.999137 0.002881 0.041437 0.000000 0.001641 0.994076 -0.108677 14.038200 -0.041504 0.108651 0.993213 0.000000 0.000000 0.000000 0.000000 1.000000
0.998813 0.005809 0.048356 0.000000 -0.000406 0.993820 -0.111004 14.038200 -0.048702 0.110852 0.992643 -0.000000 0.000000 0.000000 0.000000 1.000000
0.998370 0.010015 0.056194 0.000000 -0.003701 0.993773 -0.111362 14.038200 -0.056959 0.110973 0.992190 -0.000000 0.000000 0.000000 0.000000 1.000000
0.997745 0.014463 0.065540 0.000000 -0.007085 0.993747 -0.111428 14.038200 -0.066742 0.110712 0.991609 0.000000 0.000000 0.000000 0.000000 1.000000
0.997084 0.018169 0.074121 0.000000 -0.009898 0.993832 -0.110455 14.038200 -0.075671 0.109399 0.991113 0.000000 0.000000 0.000000 0.000000 1.000000
0.996573 0.021499 0.079869 -0.000000 -0.012935 0.994257 -0.106235 14.038200 -0.081694 0.104838 0.991128 0.000000 0.000000 0.000000 0.000000 1.000000
0.996377 0.025799 0.081036 0.000000 -0.017792 0.995025 -0.098022 14.038200 -0.083162 0.096225 0.991879 -0.000000 0.000000 0.000000 0.000000 1.000000
0.996546 0.032222 0.076541 0.000000 -0.025450 0.995808 -0.087852 14.038200 -0.079051 0.085600 0.993189 0.000000 0.000000 0.000000 0.000000 1.000000
0.997194 0.033866 0.066756 -0.000000 -0.027995 0.995815 -0.086998 14.038200 -0.069423 0.084885 0.993969 0.000000 0.000000 0.000000 0.000000 1.000000
0.998002 0.031050 0.055030 -0.000000 -0.025933 0.995479 -0.091374 14.038200 -0.057618 0.089765 0.994295 0.000000 0.000000 0.000000 0.000000 1.000000
0.998811 0.024729 0.042002 -0.000000 -0.020591 0.995144 -0.096247 14.038200 -0.044179 0.095268 0.994471 0.000000 0.000000 0.000000 0.000000 1.000000
0.999497 0.016634 0.026994 0.000000 -0.013886 0.994991 -0.098999 14.038200 -0.028505 0.098574 0.994721 -0.000000 0.000000 0.000000 0.000000 1.000000
0.999918 0.009134 0.009019 0.000000 -0.008189 0.994976 -0.099779 14.038200 -0.009885 0.099697 0.994969 -0.000000 0.000000 0.000000 0.000000 1.000000
0.999942 0.006509 -0.008529 0.000000 -0.007337 0.994867 -0.100922 14.038200 0.007828 0.100979 0.994858 0.000000 0.000000 0.000000 0.000000 1.000000
0.999753 0.007237 -0.021025 0.000000 -0.009350 0.994716 -0.102238 14.038200 0.020174 0.102409 0.994538 -0.000000 0.000000 0.000000 0.000000 1.000000
0.999555 0.007277 -0.028922 0.000000 -0.010268 0.994455 -0.104662 14.038200 0.028000 0.104913 0.994087 -0.000000 0.000000 0.000000 0.000000 1.000000
0.999388 0.005249 -0.034585 0.000000 -0.008958 0.994114 -0.107970 14.038200 0.033815 0.108213 0.993552 0.000000 0.000000 0.000000 0.000000 1.000000
0.999148 0.002596 -0.041195 0.000000 -0.007142 0.993838 -0.110610 14.038200 0.040654 0.110810 0.993010 0.000000 0.000000 0.000000 0.000000 1.000000
0.998758 -0.001706 -0.049794 0.000000 -0.003878 0.993719 -0.111834 14.038200 0.049672 0.111888 0.992479 0.000000 0.000000 0.000000 0.000000 1.000000
0.998330 -0.005784 -0.057485 0.000000 -0.000514 0.994048 -0.108942 14.038200 0.057773 0.108789 0.992385 0.000000 0.000000 0.000000 0.000000 1.000000
0.998103 -0.009924 -0.060759 -0.000000 0.003749 0.994889 -0.100902 14.038200 0.061450 0.100483 0.993039 -0.000000 0.000000 0.000000 0.000000 1.000000
0.998202 -0.015364 -0.057937 0.000000 0.010070 0.995838 -0.090584 14.038200 0.059088 0.089837 0.994202 -0.000000 0.000000 0.000000 0.000000 1.000000
0.998495 -0.023070 -0.049752 -0.000000 0.018828 0.996279 -0.084105 14.038200 0.051507 0.083042 0.995214 0.000000 0.000000 0.000000 0.000000 1.000000
0.998799 -0.027748 -0.040391 0.000000 0.024188 0.995991 -0.086117 14.038200 0.042619 0.085036 0.995466 -0.000000 0.000000 0.000000 0.000000 1.000000
0.999142 -0.027795 -0.030696 0.000000 0.024890 0.995513 -0.091296 14.038200 0.033096 0.090454 0.995351 0.000000 0.000000 0.000000 0.000000 1.000000
0.999544 -0.023493 -0.018962 -0.000000 0.021557 0.995094 -0.096556 14.038200 0.021137 0.096103 0.995147 -0.000000 0.000000 0.000000 0.000000 1.000000
0.999856 -0.016377 -0.004440 -0.000000 0.015851 0.994847 -0.100146 14.038200 0.006057 0.100061 0.994963 0.000000 0.000000 0.000000 0.000000 1.000000
0.999889 -0.008672 0.012085 0.000000 0.009858 0.994756 -0.101802 14.038200 -0.011138 0.101910 0.994731 0.000000 0.000000 0.000000 0.000000 1.000000</float_array>
        <technique_common>
          <accessor source="#mixamorig_Spine2-Matrix-animation-output-transform-array" count="31" stride="16">
            <param type="float4x4"/>
          </accessor>
        </technique_common>
      </source>
      <source id="mixamorig_Spine2-Interpolations">
        <Name_array id="mixamorig_Spine2-Interpolations-array" count="31">
 LINEAR LINEAR LINEAR LINEAR LINEAR LINEAR LINEAR LINEAR LINEAR LINEAR LINEAR
LINEAR LINEAR LINEAR LINEAR LINEAR LINEAR LINEAR LINEAR LINEAR LINEAR LINEAR LINEAR
LINEAR LINEAR LINEAR LINEAR LINEAR LINEAR LINEAR LINEAR</Name_array>
        <technique_common>
          <accessor source="#mixamorig_Spine2-Interpolations-array" count="31">
            <param type="name"/>
          </accessor>
        </technique_common>
      </source>
      <sampler id="mixamorig_Spine2-Matrix-animation-transform">
        <input semantic="INPUT" source="#mixamorig_Spine2-Matrix-animation-input"/>
        <input semantic="OUTPUT" source="#mixamorig_Spine2-Matrix-animation-output-transform"/>
        <input semantic="INTERPOLATION" source="#mixamorig_Spine2-Interpolations"/>
      </sampler>
      <channel source="#mixamorig_Spine2-Matrix-animation-transform" target="mixamorig_Spine2/matrix"/>
    </animation>
    <animation id="mixamorig_Neck-anim" name="mixamorig_Neck">
      <source id="mixamorig_Neck-Matrix-animation-input">
        <float_array id="mixamorig_Neck-Matrix-animation-input-array" count="31">

0.000000 0.033333 0.066667 0.100000 0.133333 0.166667 0.200000 0.233333 0.266667 0.300000 0.333333 0.366667 0.400000 0.433333 0.466667 0.500000
0.533333 0.566667 0.600000 0.633333 0.666667 0.700000 0.733333 0.766667 0.800000 0.833333 0.866667 0.900000 0.933333 0.966667 1.000000</float_array>
        <technique_common>
          <accessor source="#mixamorig_Neck-Matrix-animation-input-array" count="31">
            <param name="TIME" type="float"/>
          </accessor>
        </technique_common>
      </source>
      <source id="mixamorig_Neck-Matrix-animation-output-transform">
        <float_array id="mixamorig_Neck-Matrix-animation-output-transform-array" count="496">

0.999746 0.021083 -0.007958 0.049900 -0.021083 0.999778 0.000075 15.686700 0.007958 0.000093 0.999968 -1.491600 0.000000 0.000000 0.000000 1.000000
0.999920 0.005389 -0.011456 0.049900 -0.005472 0.999959 -0.007255 15.686700 0.011417 0.007318 0.999908 -1.491600 0.000000 0.000000 0.000000 1.000000
0.999845 -0.009408 -0.014863 0.049900 0.009163 0.999822 -0.016485 15.686700 0.015015 0.016346 0.999754 -1.491600 0.000000 0.000000 0.000000 1.000000
0.999572 -0.023193 -0.017826 0.049900 0.022709 0.999380 -0.026892 15.686700 0.018438 0.026476 0.999479 -1.491600 0.000000 0.000000 0.000000 1.000000
0.999059 -0.037954 -0.020976 0.049900 0.037149 0.998605 -0.037511 15.686700 0.022370 0.036697 0.999076 -1.491600 0.000000 0.000000 0.000000 1.000000
0.998063 -0.056694 -0.025596 0.049900 0.055463 0.997379 -0.046471 15.686700 0.028164 0.044961 0.998592 -1.491600 0.000000 0.000000 0.000000 1.000000
0.996598 -0.076100 -0.031655 0.049900 0.074714 0.996283 -0.042867 15.686700 0.034800 0.040356 0.998579 -1.491600 0.000000 0.000000 0.000000 1.000000
0.995599 -0.086412 -0.036264 0.049900 0.085554 0.996030 -0.024596 15.686700 0.038245 0.021385 0.999040 -1.491600 0.000000 0.000000 0.000000 1.000000
0.995673 -0.085200 -0.037098 0.049900 0.084861 0.996336 -0.010641 15.686700 0.037868 0.007446 0.999255 -1.491600 0.000000 0.000000 0.000000 1.000000
0.996252 -0.079387 -0.034360 0.049900 0.078999 0.996796 -0.012506 15.686700 0.035242 0.009744 0.999331 -1.491600 0.000000 0.000000 0.000000 1.000000
0.996363 -0.079501 -0.030667 0.049900 0.078687 0.996536 -0.026910 15.686700 0.032700 0.024399 0.999167 -1.491600 0.000000 0.000000 0.000000 1.000000
0.997774 -0.062320 -0.023737 0.049900 0.061873 0.997901 -0.019106 15.686700 0.024878 0.017595 0.999536 -1.491600 0.000000 0.000000 0.000000 1.000000
0.998932 -0.043406 -0.015830 0.049900 0.043112 0.998900 -0.018454 15.686700 0.016613 0.017751 0.999704 -1.491600 0.000000 0.000000 0.000000 1.000000
0.999580 -0.027721 -0.008488 0.049900 0.027491 0.999282 -0.026089 15.686700 0.009205 0.025844 0.999624 -1.491600 0.000000 0.000000 0.000000 1.000000
0.999864 -0.016332 -0.002241 0.049900 0.016232 0.999100 -0.039181 15.686700 0.002879 0.039139 0.999230 -1.491600 0.000000 0.000000 0.000000 1.000000
0.999964 -0.007960 0.003103 0.049900 0.008114 0.998536 -0.053479 15.686700 -0.002672 0.053502 0.998564 -1.491600 0.000000 0.000000 0.000000 1.000000
0.999956 -0.006425 0.006806 0.049900 0.006800 0.998374 -0.056605 15.686700 -0.006431 0.056649 0.998373 -1.491600 0.000000 0.000000 0.000000 1.000000
0.999941 -0.005046 0.009639 0.049900 0.005593 0.998322 -0.057640 15.686700 -0.009332 0.057691 0.998291 -1.491600 0.000000 0.000000 0.000000 1.000000
0.999911 0.003977 0.012708 0.049900 -0.003256 0.998410 -0.056283 15.686700 -0.012912 0.056236 0.998334 -1.491600 0.000000 0.000000 0.000000 1.000000
0.999703 0.018606 0.015727 0.049900 -0.017747 0.998434 -0.053054 15.686700 -0.016690 0.052759 0.998468 -1.491600 0.000000 0.000000 0.000000 1.000000
0.999425 0.029145 0.017302 0.049900 -0.028276 0.998423 -0.048500 15.686700 -0.018689 0.047983 0.998673 -1.491600 0.000000 0.000000 0.000000 1.000000
0.998813 0.044195 0.020481 0.049900 -0.043587 0.998622 -0.029228 15.686700 -0.021745 0.028301 0.999363 -1.491600 0.000000 0.000000 0.000000 1.000000
0.998348 0.052732 0.022815 0.049900 -0.052572 0.998589 -0.007526 15.686700 -0.023180 0.006314 0.999711 -1.491600 0.000000 0.000000 0.000000 1.000000
0.998329 0.053202 0.022552 0.049900 -0.053244 0.998581 0.001242 15.686700 -0.022454 -0.002441 0.999745 -1.491600 0.000000 0.000000 0.000000 1.000000
0.998614 0.048744 0.019871 0.049900 -0.048749 0.998811 -0.000236 15.686700 -0.019859 -0.000734 0.999803 -1.491600 0.000000 0.000000 0.000000 1.000000
0.998885 0.044281 0.016349 0.049900 -0.044400 0.998990 0.006960 15.686700 -0.016024 -0.007678 0.999842 -1.491600 0.000000 0.000000 0.000000 1.000000
0.999479 0.030597 0.010237 0.049900 -0.030853 0.999188 0.025911 15.686700 -0.009435 -0.026214 0.999612 -1.491600 0.000000 0.000000 0.000000 1.000000
0.999820 0.018553 0.003871 0.049900 -0.018668 0.999312 0.032038 15.686700 -0.003274 -0.032104 0.999479 -1.491600 0.000000 0.000000 0.000000 1.000000
0.999937 0.011101 -0.001652 0.049900 -0.011052 0.999560 0.027536 15.686700 0.001957 -0.027516 0.999619 -1.491600 0.000000 0.000000 0.000000 1.000000
0.999921 0.011243 -0.005645 0.049900 -0.011151 0.999807 0.016165 15.686700 0.005826 -0.016101 0.999853 -1.491600 0.000000 0.000000 0.000000 1.000000
0.999746 0.021083 -0.007959 0.049900 -0.021083 0.999778 0.000075 15.686700 0.007958 0.000092 0.999968 -1.491600 0.000000 0.000000 0.000000 1.000000</float_array>
        <technique_common>
          <accessor source="#mixamorig_Neck-Matrix-animation-output-transform-array" count="31" stride="16">
            <param type="float4x4"/>
          </accessor>
        </technique_common>
      </source>
      <source id="mixamorig_Neck-Interpolations">
        <Name_array id="mixamorig_Neck-Interpolations-array" count="31">
 LINEAR LINEAR LINEAR LINEAR LINEAR LINEAR LINEAR LINEAR LINEAR LINEAR LINEAR
LINEAR LINEAR LINEAR LINEAR LINEAR LINEAR LINEAR LINEAR LINEAR LINEAR LINEAR LINEAR
LINEAR LINEAR LINEAR LINEAR LINEAR LINEAR LINEAR LINEAR</Name_array>
        <technique_common>
          <accessor source="#mixamorig_Neck-Interpolations-array" count="31">
            <param type="name"/>
          </accessor>
        </technique_common>
      </source>
      <sampler id="mixamorig_Neck-Matrix-animation-transform">
        <input semantic="INPUT" source="#mixamorig_Neck-Matrix-animation-input"/>
        <input semantic="OUTPUT" source="#mixamorig_Neck-Matrix-animation-output-transform"/>
        <input semantic="INTERPOLATION" source="#mixamorig_Neck-Interpolations"/>
      </sampler>
      <channel source="#mixamorig_Neck-Matrix-animation-transform" target="mixamorig_Neck/matrix"/>
    </animation>
    <animation id="mixamorig_Head-anim" name="mixamorig_Head">
      <source id="mixamorig_Head-Matrix-animation-input">
        <float_array id="mixamorig_Head-Matrix-animation-input-array" count="31">

0.000000 0.033333 0.066667 0.100000 0.133333 0.166667 0.200000 0.233333 0.266667 0.300000 0.333333 0.366667 0.400000 0.433333 0.466667 0.500000
0.533333 0.566667 0.600000 0.633333 0.666667 0.700000 0.733333 0.766667 0.800000 0.833333 0.866667 0.900000 0.933333 0.966667 1.000000</float_array>
        <technique_common>
          <accessor source="#mixamorig_Head-Matrix-animation-input-array" count="31">
            <param name="TIME" type="float"/>
          </accessor>
        </technique_common>
      </source>
      <source id="mixamorig_Head-Matrix-animation-output-transform">
        <float_array id="mixamorig_Head-Matrix-animation-output-transform-array" count="496">

0.998050 -0.033250 -0.052817 -0.000000 0.030730 0.998383 -0.047823 7.013200 0.054322 0.046107 0.997458 0.918400 0.000000 0.000000 0.000000 1.000000
0.998399 -0.025168 -0.050652 0.000000 0.023094 0.998887 -0.041119 7.013200 0.051631 0.039884 0.997870 0.918400 0.000000 0.000000 0.000000 1.000000
0.998778 -0.015167 -0.047041 0.000000 0.013577 0.999332 -0.033937 7.013200 0.047524 0.033257 0.998316 0.918400 0.000000 0.000000 0.000000 1.000000
0.999046 -0.005919 -0.043277 -0.000000 0.004769 0.999634 -0.026619 7.013200 0.043419 0.026387 0.998708 0.918400 0.000000 0.000000 0.000000 1.000000
0.999189 0.001899 -0.040217 0.000000 -0.002669 0.999814 -0.019098 7.013200 0.040173 0.019190 0.999008 0.918400 0.000000 0.000000 0.000000 1.000000
0.999235 0.009530 -0.037941 0.000000 -0.009976 0.999883 -0.011586 7.013200 0.037826 0.011955 0.999213 0.918400 0.000000 0.000000 0.000000 1.000000
0.999201 0.013428 -0.037646 0.000000 -0.013799 0.999859 -0.009603 7.013200 0.037512 0.010114 0.999245 0.918400 0.000000 0.000000 0.000000 1.000000
0.999112 0.007513 -0.041468 0.000000 -0.008292 0.999792 -0.018634 7.013200 0.041319 0.018961 0.998966 0.918400 0.000000 0.000000 0.000000 1.000000
0.998846 -0.007701 -0.047410 0.000000 0.006551 0.999682 -0.024367 7.013200 0.047582 0.024028 0.998578 0.918400 0.000000 0.000000 0.000000 1.000000
0.998372 -0.024991 -0.051279 0.000000 0.023970 0.999504 -0.020430 7.013200 0.051765 0.019167 0.998475 0.918400 0.000000 0.000000 0.000000 1.000000
0.998255 -0.034376 -0.048019 0.000000 0.033800 0.999347 -0.012767 7.013200 0.048427 0.011122 0.998765 0.918400 0.000000 0.000000 0.000000 1.000000
0.998175 -0.044355 -0.040974 -0.000000 0.043414 0.998779 -0.023585 7.013200 0.041970 0.021763 0.998882 0.918400 0.000000 0.000000 0.000000 1.000000
0.998366 -0.049287 -0.028927 0.000000 0.048353 0.998313 -0.032155 7.013200 0.030463 0.030704 0.999064 0.918400 0.000000 0.000000 0.000000 1.000000
0.998602 -0.050706 -0.014948 0.000000 0.050115 0.998038 -0.037542 7.013200 0.016823 0.036740 0.999183 0.918400 0.000000 0.000000 0.000000 1.000000
0.998652 -0.051852 -0.002335 0.000000 0.051727 0.997942 -0.037896 7.013200 0.004295 0.037724 0.999279 0.918400 0.000000 0.000000 0.000000 1.000000
0.998412 -0.055978 0.006379 -0.000000 0.056143 0.997983 -0.029625 7.013200 -0.004708 0.029936 0.999541 0.918400 0.000000 0.000000 0.000000 1.000000
0.998115 -0.060140 0.012239 0.000000 0.060380 0.997970 -0.020260 7.013200 -0.010995 0.020961 0.999720 0.918400 0.000000 0.000000 0.000000 1.000000
0.997795 -0.064581 0.015296 0.000000 0.064720 0.997865 -0.008794 7.013200 -0.014695 0.009764 0.999844 0.918400 0.000000 0.000000 0.000000 1.000000
0.997390 -0.070549 0.015358 -0.000000 0.070541 0.997508 0.001070 7.013200 -0.015395 0.000016 0.999881 0.918400 0.000000 0.000000 0.000000 1.000000
0.997071 -0.075179 0.014028 -0.000000 0.075082 0.997150 0.007319 7.013200 -0.014538 -0.006244 0.999875 0.918400 0.000000 0.000000 0.000000 1.000000
0.997238 -0.072932 0.014061 -0.000000 0.072804 0.997302 0.009401 7.013200 -0.014708 -0.008351 0.999857 0.918400 0.000000 0.000000 0.000000 1.000000
0.997519 -0.069214 0.012824 0.000000 0.069237 0.997599 -0.001353 7.013200 -0.012700 0.002238 0.999917 0.918400 0.000000 0.000000 0.000000 1.000000
0.998092 -0.060601 0.011818 -0.000000 0.060784 0.998026 -0.015790 7.013200 -0.010838 0.016478 0.999805 0.918400 0.000000 0.000000 0.000000 1.000000
0.998721 -0.049564 0.009971 0.000000 0.049776 0.998513 -0.022241 7.013200 -0.008854 0.022708 0.999703 0.918400 0.000000 0.000000 0.000000 1.000000
0.999166 -0.040392 0.005993 0.000000 0.040512 0.998948 -0.021491 7.013200 -0.005119 0.021716 0.999751 0.918400 0.000000 0.000000 0.000000 1.000000
0.999308 -0.037171 -0.001424 0.000000 0.037121 0.998976 -0.025869 7.013200 0.002384 0.025798 0.999664 0.918400 0.000000 0.000000 0.000000 1.000000
0.999359 -0.034479 -0.009675 0.000000 0.034084 0.998682 -0.038385 7.013200 0.010986 0.038031 0.999216 0.918400 0.000000 0.000000 0.000000 1.000000
0.999223 -0.034255 -0.019495 0.000000 0.033332 0.998393 -0.045837 7.013200 0.021034 0.045151 0.998759 0.918400 0.000000 0.000000 0.000000 1.000000
0.998943 -0.034617 -0.030249 0.000000 0.033080 0.998205 -0.049917 7.013200 0.031923 0.048863 0.998295 0.918400 0.000000 0.000000 0.000000 1.000000
0.998551 -0.034327 -0.041440 0.000000 0.032191 0.998173 -0.051135 7.013200 0.043119 0.049727 0.997832 0.918400 0.000000 0.000000 0.000000 1.000000
0.998050 -0.033250 -0.052817 0.000000 0.030730 0.998383 -0.047824 7.013200 0.054322 0.046108 0.997458 0.918400 0.000000 0.000000 0.000000 1.000000</float_array>
        <technique_common>
          <accessor source="#mixamorig_Head-Matrix-animation-output-transform-array" count="31" stride="16">
